 0.00000000e+00 -0.00000000e+00  0.00000000e+00  0.00000000e+00 
 1.00000000e-07  3.14159245e-04  1.00000000e-07  9.42473963e-04 
 2.00000000e-07  6.28318365e-04  2.00000000e-07  1.88494755e-03 
 4.00000000e-07  1.25663574e-03  4.00000000e-07  3.76989213e-03 
 8.00000000e-07  2.51326354e-03  8.00000000e-07  7.53976045e-03 
 1.60000000e-06  5.02646358e-03  1.60000000e-06  1.50793304e-02 
 3.20000000e-06  1.00524192e-02  3.20000000e-06  3.01571368e-02 
 6.40000000e-06  2.01007747e-02  6.40000000e-06  6.03020828e-02 
 1.28000000e-05  4.01690501e-02  1.28000000e-05  1.20506668e-01 
 2.28000000e-05  7.13835656e-02  2.28000000e-05  2.14149840e-01 
 3.28000000e-05  1.02316363e-01  3.28000000e-05  3.06947860e-01 
 4.28000000e-05  1.32845364e-01  4.28000000e-05  3.98534497e-01 
 5.28000000e-05  1.62850085e-01  5.28000000e-05  4.88548301e-01 
 6.28000000e-05  1.92212112e-01  6.28000000e-05  5.76634028e-01 
 7.28000000e-05  2.20815565e-01  7.28000000e-05  6.62444043e-01 
 8.28000000e-05  2.48547560e-01  8.28000000e-05  7.45639695e-01 
 9.28000000e-05  2.75298651e-01  9.28000000e-05  8.25892648e-01 
 1.02800000e-04  3.00963264e-01  1.02800000e-04  9.02886179e-01 
 1.12800000e-04  3.25440113e-01  1.12800000e-04  9.76316431e-01 
 1.22800000e-04  3.48632598e-01  1.22800000e-04  1.04589361e+00 
 1.32800000e-04  3.70449189e-01  1.32800000e-04  1.11134312e+00 
 1.42800000e-04  3.90803787e-01  1.42800000e-04  1.17240667e+00 
 1.52800000e-04  4.09616061e-01  1.52800000e-04  1.22884327e+00 
 1.62800000e-04  4.26811768e-01  1.62800000e-04  1.28043018e+00 
 1.72800000e-04  4.42323043e-01  1.72800000e-04  1.32696382e+00 
 1.82800000e-04  4.56088672e-01  1.82800000e-04  1.36826054e+00 
 1.92800000e-04  4.68054326e-01  1.92800000e-04  1.40415736e+00 
 2.02800000e-04  4.78172785e-01  2.02800000e-04  1.43451261e+00 
 2.12800000e-04  4.86404113e-01  2.12800000e-04  1.45920650e+00 
 2.22800000e-04  4.92715827e-01  2.22800000e-04  1.47814157e+00 
 2.32800000e-04  4.97083017e-01  2.32800000e-04  1.49124308e+00 
 2.42800000e-04  4.99488447e-01  2.42800000e-04  1.49845935e+00 
 2.52800000e-04  4.99922624e-01  2.52800000e-04  1.49976187e+00 
 2.62800000e-04  4.98383835e-01  2.62800000e-04  1.49514552e+00 
 2.72800000e-04  4.94878153e-01  2.72800000e-04  1.48462852e+00 
 2.82800000e-04  4.89419413e-01  2.82800000e-04  1.46825236e+00 
 2.92800000e-04  4.82029158e-01  2.92800000e-04  1.44608169e+00 
 3.02800000e-04  4.72736554e-01  3.02800000e-04  1.41820399e+00 
 3.12800000e-04  4.61578275e-01  3.12800000e-04  1.38472928e+00 
 3.22800000e-04  4.48598358e-01  3.22800000e-04  1.34578969e+00 
 3.32800000e-04  4.33848027e-01  3.32800000e-04  1.30153887e+00 
 3.42800000e-04  4.17385497e-01  3.42800000e-04  1.25215148e+00 
 3.52800000e-04  3.99275737e-01  3.52800000e-04  1.19782242e+00 
 3.62800000e-04  3.79590217e-01  3.62800000e-04  1.13876610e+00 
 3.72800000e-04  3.58406629e-01  3.72800000e-04  1.07521558e+00 
 3.82800000e-04  3.35808573e-01  3.82800000e-04  1.00742169e+00 
 3.92800000e-04  3.11885235e-01  3.92800000e-04  9.35651961e-01 
 4.02800000e-04  2.86731028e-01  4.02800000e-04  8.60189641e-01 
 4.12800000e-04  2.60445224e-01  4.12800000e-04  7.81332547e-01 
 4.22800000e-04  2.33131562e-01  4.22800000e-04  6.99391889e-01 
 4.32800000e-04  2.04897837e-01  4.32800000e-04  6.14691051e-01 
 4.42800000e-04  1.75855473e-01  4.42800000e-04  5.27564309e-01 
 4.52800000e-04  1.46119088e-01  4.52800000e-04  4.38355511e-01 
 4.62800000e-04  1.15806038e-01  4.62800000e-04  3.47416724e-01 
 4.72800000e-04  8.50359543e-02  4.72800000e-04  2.55106842e-01 
 4.82800000e-04  5.39302725e-02  4.82800000e-04  1.61790170e-01 
 4.92800000e-04  2.26117525e-02  4.92800000e-04  6.78349862e-02 
 5.02800000e-04 -8.79600567e-03  5.02800000e-04 -2.63879114e-02 
 5.12800000e-04 -4.01690501e-02  5.12800000e-04 -1.20506668e-01 
 5.22800000e-04 -7.13835656e-02  5.22800000e-04 -2.14149840e-01 
 5.32800000e-04 -1.02316363e-01  5.32800000e-04 -3.06947860e-01 
 5.42800000e-04 -1.32845364e-01  5.42800000e-04 -3.98534497e-01 
 5.52800000e-04 -1.62850085e-01  5.52800000e-04 -4.88548301e-01 
 5.62800000e-04 -1.92212112e-01  5.62800000e-04 -5.76634028e-01 
 5.72800000e-04 -2.20815565e-01  5.72800000e-04 -6.62444043e-01 
 5.82800000e-04 -2.48547560e-01  5.82800000e-04 -7.45639695e-01 
 5.92800000e-04 -2.75298651e-01  5.92800000e-04 -8.25892648e-01 
 6.02800000e-04 -3.00963264e-01  6.02800000e-04 -9.02886179e-01 
 6.12800000e-04 -3.25440113e-01  6.12800000e-04 -9.76316431e-01 
 6.22800000e-04 -3.48632598e-01  6.22800000e-04 -1.04589361e+00 
 6.32800000e-04 -3.70449189e-01  6.32800000e-04 -1.11134312e+00 
 6.42800000e-04 -3.90803787e-01  6.42800000e-04 -1.17240667e+00 
 6.52800000e-04 -4.09616061e-01  6.52800000e-04 -1.22884327e+00 
 6.62800000e-04 -4.26811768e-01  6.62800000e-04 -1.28043018e+00 
 6.72800000e-04 -4.42323043e-01  6.72800000e-04 -1.32696382e+00 
 6.82800000e-04 -4.56088672e-01  6.82800000e-04 -1.36826054e+00 
 6.92800000e-04 -4.68054326e-01  6.92800000e-04 -1.40415736e+00 
 7.02800000e-04 -4.78172785e-01  7.02800000e-04 -1.43451261e+00 
 7.12800000e-04 -4.86404113e-01  7.12800000e-04 -1.45920650e+00 
 7.22800000e-04 -4.92715827e-01  7.22800000e-04 -1.47814157e+00 
 7.32800000e-04 -4.97083017e-01  7.32800000e-04 -1.49124308e+00 
 7.42800000e-04 -4.99488447e-01  7.42800000e-04 -1.49845935e+00 
 7.52800000e-04 -4.99922624e-01  7.52800000e-04 -1.49976187e+00 
 7.62800000e-04 -4.98383835e-01  7.62800000e-04 -1.49514552e+00 
 7.72800000e-04 -4.94878153e-01  7.72800000e-04 -1.48462852e+00 
 7.82800000e-04 -4.89419413e-01  7.82800000e-04 -1.46825236e+00 
 7.92800000e-04 -4.82029158e-01  7.92800000e-04 -1.44608169e+00 
 8.02800000e-04 -4.72736554e-01  8.02800000e-04 -1.41820399e+00 
 8.12800000e-04 -4.61578275e-01  8.12800000e-04 -1.38472928e+00 
 8.22800000e-04 -4.48598358e-01  8.22800000e-04 -1.34578969e+00 
 8.32800000e-04 -4.33848027e-01  8.32800000e-04 -1.30153887e+00 
 8.42800000e-04 -4.17385497e-01  8.42800000e-04 -1.25215148e+00 
 8.52800000e-04 -3.99275737e-01  8.52800000e-04 -1.19782242e+00 
 8.62800000e-04 -3.79590217e-01  8.62800000e-04 -1.13876610e+00 
 8.72800000e-04 -3.58406629e-01  8.72800000e-04 -1.07521558e+00 
 8.82800000e-04 -3.35808573e-01  8.82800000e-04 -1.00742169e+00 
 8.92800000e-04 -3.11885235e-01  8.92800000e-04 -9.35651961e-01 
 9.02800000e-04 -2.86731028e-01  9.02800000e-04 -8.60189641e-01 
 9.12800000e-04 -2.60445224e-01  9.12800000e-04 -7.81332547e-01 
 9.22800000e-04 -2.33131562e-01  9.22800000e-04 -6.99391889e-01 
 9.32800000e-04 -2.04897837e-01  9.32800000e-04 -6.14691051e-01 
 9.42800000e-04 -1.75855473e-01  9.42800000e-04 -5.27564309e-01 
 9.52800000e-04 -1.46119088e-01  9.52800000e-04 -4.38355511e-01 
 9.62800000e-04 -1.15806038e-01  9.62800000e-04 -3.47416724e-01 
 9.72800000e-04 -8.50359543e-02  9.72800000e-04 -2.55106842e-01 
 9.82800000e-04 -5.39302725e-02  9.82800000e-04 -1.61790170e-01 
 9.92800000e-04 -2.26117525e-02  9.92800000e-04 -6.78349862e-02 
 1.00280000e-03  8.79600567e-03  1.00280000e-03  2.63879114e-02 
 1.01280000e-03  4.01690501e-02  1.01280000e-03  1.20506668e-01 
 1.02280000e-03  7.13835656e-02  1.02280000e-03  2.14149840e-01 
 1.03280000e-03  1.02316363e-01  1.03280000e-03  3.06947860e-01 
 1.04280000e-03  1.32845364e-01  1.04280000e-03  3.98534497e-01 
 1.05280000e-03  1.62850085e-01  1.05280000e-03  4.88548301e-01 
 1.06280000e-03  1.92212112e-01  1.06280000e-03  5.76634028e-01 
 1.07280000e-03  2.20815565e-01  1.07280000e-03  6.62444043e-01 
 1.08280000e-03  2.48547560e-01  1.08280000e-03  7.45639695e-01 
 1.09280000e-03  2.75298651e-01  1.09280000e-03  8.25892648e-01 
 1.10280000e-03  3.00963264e-01  1.10280000e-03  9.02886179e-01 
 1.11280000e-03  3.25440113e-01  1.11280000e-03  9.76316431e-01 
 1.12280000e-03  3.48632598e-01  1.12280000e-03  1.04589361e+00 
 1.13280000e-03  3.70449189e-01  1.13280000e-03  1.11134312e+00 
 1.14280000e-03  3.90803787e-01  1.14280000e-03  1.17240667e+00 
 1.15280000e-03  4.09616061e-01  1.15280000e-03  1.22884327e+00 
 1.16280000e-03  4.26811768e-01  1.16280000e-03  1.28043018e+00 
 1.17280000e-03  4.42323043e-01  1.17280000e-03  1.32696382e+00 
 1.18280000e-03  4.56088672e-01  1.18280000e-03  1.36826054e+00 
 1.19280000e-03  4.68054326e-01  1.19280000e-03  1.40415736e+00 
 1.20280000e-03  4.78172785e-01  1.20280000e-03  1.43451261e+00 
 1.21280000e-03  4.86404113e-01  1.21280000e-03  1.45920650e+00 
 1.22280000e-03  4.92715827e-01  1.22280000e-03  1.47814157e+00 
 1.23280000e-03  4.97083017e-01  1.23280000e-03  1.49124308e+00 
 1.24280000e-03  4.99488447e-01  1.24280000e-03  1.49845935e+00 
 1.25280000e-03  4.99922624e-01  1.25280000e-03  1.49976187e+00 
 1.26280000e-03  4.98383835e-01  1.26280000e-03  1.49514552e+00 
 1.27280000e-03  4.94878153e-01  1.27280000e-03  1.48462852e+00 
 1.28280000e-03  4.89419413e-01  1.28280000e-03  1.46825236e+00 
 1.29280000e-03  4.82029158e-01  1.29280000e-03  1.44608169e+00 
 1.30280000e-03  4.72736554e-01  1.30280000e-03  1.41820399e+00 
 1.31280000e-03  4.61578275e-01  1.31280000e-03  1.38472928e+00 
 1.32280000e-03  4.48598358e-01  1.32280000e-03  1.34578969e+00 
 1.33280000e-03  4.33848027e-01  1.33280000e-03  1.30153887e+00 
 1.34280000e-03  4.17385497e-01  1.34280000e-03  1.25215148e+00 
 1.35280000e-03  3.99275737e-01  1.35280000e-03  1.19782242e+00 
 1.36280000e-03  3.79590217e-01  1.36280000e-03  1.13876610e+00 
 1.37280000e-03  3.58406629e-01  1.37280000e-03  1.07521558e+00 
 1.38280000e-03  3.35808573e-01  1.38280000e-03  1.00742169e+00 
 1.39280000e-03  3.11885235e-01  1.39280000e-03  9.35651961e-01 
 1.40280000e-03  2.86731028e-01  1.40280000e-03  8.60189641e-01 
 1.41280000e-03  2.60445224e-01  1.41280000e-03  7.81332547e-01 
 1.42280000e-03  2.33131562e-01  1.42280000e-03  6.99391889e-01 
 1.43280000e-03  2.04897837e-01  1.43280000e-03  6.14691051e-01 
 1.44280000e-03  1.75855473e-01  1.44280000e-03  5.27564309e-01 
 1.45280000e-03  1.46119088e-01  1.45280000e-03  4.38355511e-01 
 1.46280000e-03  1.15806038e-01  1.46280000e-03  3.47416724e-01 
 1.47280000e-03  8.50359543e-02  1.47280000e-03  2.55106842e-01 
 1.48280000e-03  5.39302725e-02  1.48280000e-03  1.61790170e-01 
 1.49280000e-03  2.26117525e-02  1.49280000e-03  6.78349862e-02 
 1.50280000e-03 -8.79600567e-03  1.50280000e-03 -2.63879114e-02 
 1.51280000e-03 -4.01690501e-02  1.51280000e-03 -1.20506668e-01 
 1.52280000e-03 -7.13835656e-02  1.52280000e-03 -2.14149840e-01 
 1.53280000e-03 -1.02316363e-01  1.53280000e-03 -3.06947860e-01 
 1.54280000e-03 -1.32845364e-01  1.54280000e-03 -3.98534497e-01 
 1.55280000e-03 -1.62850085e-01  1.55280000e-03 -4.88548301e-01 
 1.56280000e-03 -1.92212112e-01  1.56280000e-03 -5.76634028e-01 
 1.57280000e-03 -2.20815565e-01  1.57280000e-03 -6.62444043e-01 
 1.58280000e-03 -2.48547560e-01  1.58280000e-03 -7.45639695e-01 
 1.59280000e-03 -2.75298651e-01  1.59280000e-03 -8.25892648e-01 
 1.60280000e-03 -3.00963264e-01  1.60280000e-03 -9.02886179e-01 
 1.61280000e-03 -3.25440113e-01  1.61280000e-03 -9.76316431e-01 
 1.62280000e-03 -3.48632598e-01  1.62280000e-03 -1.04589361e+00 
 1.63280000e-03 -3.70449189e-01  1.63280000e-03 -1.11134312e+00 
 1.64280000e-03 -3.90803787e-01  1.64280000e-03 -1.17240667e+00 
 1.65280000e-03 -4.09616061e-01  1.65280000e-03 -1.22884327e+00 
 1.66280000e-03 -4.26811768e-01  1.66280000e-03 -1.28043018e+00 
 1.67280000e-03 -4.42323043e-01  1.67280000e-03 -1.32696382e+00 
 1.68280000e-03 -4.56088672e-01  1.68280000e-03 -1.36826054e+00 
 1.69280000e-03 -4.68054326e-01  1.69280000e-03 -1.40415736e+00 
 1.70280000e-03 -4.78172785e-01  1.70280000e-03 -1.43451261e+00 
 1.71280000e-03 -4.86404113e-01  1.71280000e-03 -1.45920650e+00 
 1.72280000e-03 -4.92715827e-01  1.72280000e-03 -1.47814157e+00 
 1.73280000e-03 -4.97083017e-01  1.73280000e-03 -1.49124308e+00 
 1.74280000e-03 -4.99488447e-01  1.74280000e-03 -1.49845935e+00 
 1.75280000e-03 -4.99922624e-01  1.75280000e-03 -1.49976187e+00 
 1.76280000e-03 -4.98383835e-01  1.76280000e-03 -1.49514552e+00 
 1.77280000e-03 -4.94878153e-01  1.77280000e-03 -1.48462852e+00 
 1.78280000e-03 -4.89419413e-01  1.78280000e-03 -1.46825236e+00 
 1.79280000e-03 -4.82029158e-01  1.79280000e-03 -1.44608169e+00 
 1.80280000e-03 -4.72736554e-01  1.80280000e-03 -1.41820399e+00 
 1.81280000e-03 -4.61578275e-01  1.81280000e-03 -1.38472928e+00 
 1.82280000e-03 -4.48598358e-01  1.82280000e-03 -1.34578969e+00 
 1.83280000e-03 -4.33848027e-01  1.83280000e-03 -1.30153887e+00 
 1.84280000e-03 -4.17385497e-01  1.84280000e-03 -1.25215148e+00 
 1.85280000e-03 -3.99275737e-01  1.85280000e-03 -1.19782242e+00 
 1.86280000e-03 -3.79590217e-01  1.86280000e-03 -1.13876610e+00 
 1.87280000e-03 -3.58406629e-01  1.87280000e-03 -1.07521558e+00 
 1.88280000e-03 -3.35808573e-01  1.88280000e-03 -1.00742169e+00 
 1.89280000e-03 -3.11885235e-01  1.89280000e-03 -9.35651961e-01 
 1.90280000e-03 -2.86731028e-01  1.90280000e-03 -8.60189641e-01 
 1.91280000e-03 -2.60445224e-01  1.91280000e-03 -7.81332547e-01 
 1.92280000e-03 -2.33131562e-01  1.92280000e-03 -6.99391889e-01 
 1.93280000e-03 -2.04897837e-01  1.93280000e-03 -6.14691051e-01 
 1.94280000e-03 -1.75855473e-01  1.94280000e-03 -5.27564309e-01 
 1.95280000e-03 -1.46119088e-01  1.95280000e-03 -4.38355511e-01 
 1.96280000e-03 -1.15806038e-01  1.96280000e-03 -3.47416724e-01 
 1.97280000e-03 -8.50359543e-02  1.97280000e-03 -2.55106842e-01 
 1.98280000e-03 -5.39302725e-02  1.98280000e-03 -1.61790170e-01 
 1.99280000e-03 -2.26117525e-02  1.99280000e-03 -6.78349862e-02 
 2.00280000e-03  8.79600567e-03  2.00280000e-03  2.63879114e-02 
 2.01280000e-03  4.01690501e-02  2.01280000e-03  1.20506668e-01 
 2.02280000e-03  7.13835656e-02  2.02280000e-03  2.14149840e-01 
 2.03280000e-03  1.02316363e-01  2.03280000e-03  3.06947860e-01 
 2.04280000e-03  1.32845364e-01  2.04280000e-03  3.98534497e-01 
 2.05280000e-03  1.62850085e-01  2.05280000e-03  4.88548301e-01 
 2.06280000e-03  1.92212112e-01  2.06280000e-03  5.76634028e-01 
 2.07280000e-03  2.20815565e-01  2.07280000e-03  6.62444043e-01 
 2.08280000e-03  2.48547560e-01  2.08280000e-03  7.45639695e-01 
 2.09280000e-03  2.75298651e-01  2.09280000e-03  8.25892648e-01 
 2.10280000e-03  3.00963264e-01  2.10280000e-03  9.02886179e-01 
 2.11280000e-03  3.25440113e-01  2.11280000e-03  9.76316431e-01 
 2.12280000e-03  3.48632598e-01  2.12280000e-03  1.04589361e+00 
 2.13280000e-03  3.70449189e-01  2.13280000e-03  1.11134312e+00 
 2.14280000e-03  3.90803787e-01  2.14280000e-03  1.17240667e+00 
 2.15280000e-03  4.09616061e-01  2.15280000e-03  1.22884327e+00 
 2.16280000e-03  4.26811768e-01  2.16280000e-03  1.28043018e+00 
 2.17280000e-03  4.42323043e-01  2.17280000e-03  1.32696382e+00 
 2.18280000e-03  4.56088672e-01  2.18280000e-03  1.36826054e+00 
 2.19280000e-03  4.68054326e-01  2.19280000e-03  1.40415736e+00 
 2.20280000e-03  4.78172785e-01  2.20280000e-03  1.43451261e+00 
 2.21280000e-03  4.86404113e-01  2.21280000e-03  1.45920650e+00 
 2.22280000e-03  4.92715827e-01  2.22280000e-03  1.47814157e+00 
 2.23280000e-03  4.97083017e-01  2.23280000e-03  1.49124308e+00 
 2.24280000e-03  4.99488447e-01  2.24280000e-03  1.49845935e+00 
 2.25280000e-03  4.99922624e-01  2.25280000e-03  1.49976187e+00 
 2.26280000e-03  4.98383835e-01  2.26280000e-03  1.49514552e+00 
 2.27280000e-03  4.94878153e-01  2.27280000e-03  1.48462852e+00 
 2.28280000e-03  4.89419413e-01  2.28280000e-03  1.46825236e+00 
 2.29280000e-03  4.82029158e-01  2.29280000e-03  1.44608169e+00 
 2.30280000e-03  4.72736554e-01  2.30280000e-03  1.41820399e+00 
 2.31280000e-03  4.61578275e-01  2.31280000e-03  1.38472928e+00 
 2.32280000e-03  4.48598358e-01  2.32280000e-03  1.34578969e+00 
 2.33280000e-03  4.33848027e-01  2.33280000e-03  1.30153887e+00 
 2.34280000e-03  4.17385497e-01  2.34280000e-03  1.25215148e+00 
 2.35280000e-03  3.99275737e-01  2.35280000e-03  1.19782242e+00 
 2.36280000e-03  3.79590217e-01  2.36280000e-03  1.13876610e+00 
 2.37280000e-03  3.58406629e-01  2.37280000e-03  1.07521558e+00 
 2.38280000e-03  3.35808573e-01  2.38280000e-03  1.00742169e+00 
 2.39280000e-03  3.11885235e-01  2.39280000e-03  9.35651961e-01 
 2.40280000e-03  2.86731028e-01  2.40280000e-03  8.60189641e-01 
 2.41280000e-03  2.60445224e-01  2.41280000e-03  7.81332547e-01 
 2.42280000e-03  2.33131562e-01  2.42280000e-03  6.99391889e-01 
 2.43280000e-03  2.04897837e-01  2.43280000e-03  6.14691051e-01 
 2.44280000e-03  1.75855473e-01  2.44280000e-03  5.27564309e-01 
 2.45280000e-03  1.46119088e-01  2.45280000e-03  4.38355511e-01 
 2.46280000e-03  1.15806038e-01  2.46280000e-03  3.47416724e-01 
 2.47280000e-03  8.50359543e-02  2.47280000e-03  2.55106842e-01 
 2.48280000e-03  5.39302725e-02  2.48280000e-03  1.61790170e-01 
 2.49280000e-03  2.26117525e-02  2.49280000e-03  6.78349862e-02 
 2.50280000e-03 -8.79600567e-03  2.50280000e-03 -2.63879114e-02 
 2.51280000e-03 -4.01690501e-02  2.51280000e-03 -1.20506668e-01 
 2.52280000e-03 -7.13835656e-02  2.52280000e-03 -2.14149840e-01 
 2.53280000e-03 -1.02316363e-01  2.53280000e-03 -3.06947860e-01 
 2.54280000e-03 -1.32845364e-01  2.54280000e-03 -3.98534497e-01 
 2.55280000e-03 -1.62850085e-01  2.55280000e-03 -4.88548301e-01 
 2.56280000e-03 -1.92212112e-01  2.56280000e-03 -5.76634028e-01 
 2.57280000e-03 -2.20815565e-01  2.57280000e-03 -6.62444043e-01 
 2.58280000e-03 -2.48547560e-01  2.58280000e-03 -7.45639695e-01 
 2.59280000e-03 -2.75298651e-01  2.59280000e-03 -8.25892648e-01 
 2.60280000e-03 -3.00963264e-01  2.60280000e-03 -9.02886179e-01 
 2.61280000e-03 -3.25440113e-01  2.61280000e-03 -9.76316431e-01 
 2.62280000e-03 -3.48632598e-01  2.62280000e-03 -1.04589361e+00 
 2.63280000e-03 -3.70449189e-01  2.63280000e-03 -1.11134312e+00 
 2.64280000e-03 -3.90803787e-01  2.64280000e-03 -1.17240667e+00 
 2.65280000e-03 -4.09616061e-01  2.65280000e-03 -1.22884327e+00 
 2.66280000e-03 -4.26811768e-01  2.66280000e-03 -1.28043018e+00 
 2.67280000e-03 -4.42323043e-01  2.67280000e-03 -1.32696382e+00 
 2.68280000e-03 -4.56088672e-01  2.68280000e-03 -1.36826054e+00 
 2.69280000e-03 -4.68054326e-01  2.69280000e-03 -1.40415736e+00 
 2.70280000e-03 -4.78172785e-01  2.70280000e-03 -1.43451261e+00 
 2.71280000e-03 -4.86404113e-01  2.71280000e-03 -1.45920650e+00 
 2.72280000e-03 -4.92715827e-01  2.72280000e-03 -1.47814157e+00 
 2.73280000e-03 -4.97083017e-01  2.73280000e-03 -1.49124308e+00 
 2.74280000e-03 -4.99488447e-01  2.74280000e-03 -1.49845935e+00 
 2.75280000e-03 -4.99922624e-01  2.75280000e-03 -1.49976187e+00 
 2.76280000e-03 -4.98383835e-01  2.76280000e-03 -1.49514552e+00 
 2.77280000e-03 -4.94878153e-01  2.77280000e-03 -1.48462852e+00 
 2.78280000e-03 -4.89419413e-01  2.78280000e-03 -1.46825236e+00 
 2.79280000e-03 -4.82029158e-01  2.79280000e-03 -1.44608169e+00 
 2.80280000e-03 -4.72736554e-01  2.80280000e-03 -1.41820399e+00 
 2.81280000e-03 -4.61578275e-01  2.81280000e-03 -1.38472928e+00 
 2.82280000e-03 -4.48598358e-01  2.82280000e-03 -1.34578969e+00 
 2.83280000e-03 -4.33848027e-01  2.83280000e-03 -1.30153887e+00 
 2.84280000e-03 -4.17385497e-01  2.84280000e-03 -1.25215148e+00 
 2.85280000e-03 -3.99275737e-01  2.85280000e-03 -1.19782242e+00 
 2.86280000e-03 -3.79590217e-01  2.86280000e-03 -1.13876610e+00 
 2.87280000e-03 -3.58406629e-01  2.87280000e-03 -1.07521558e+00 
 2.88280000e-03 -3.35808573e-01  2.88280000e-03 -1.00742169e+00 
 2.89280000e-03 -3.11885235e-01  2.89280000e-03 -9.35651961e-01 
 2.90280000e-03 -2.86731028e-01  2.90280000e-03 -8.60189641e-01 
 2.91280000e-03 -2.60445224e-01  2.91280000e-03 -7.81332547e-01 
 2.92280000e-03 -2.33131562e-01  2.92280000e-03 -6.99391889e-01 
 2.93280000e-03 -2.04897837e-01  2.93280000e-03 -6.14691051e-01 
 2.94280000e-03 -1.75855473e-01  2.94280000e-03 -5.27564309e-01 
 2.95280000e-03 -1.46119088e-01  2.95280000e-03 -4.38355511e-01 
 2.96280000e-03 -1.15806038e-01  2.96280000e-03 -3.47416724e-01 
 2.97280000e-03 -8.50359543e-02  2.97280000e-03 -2.55106842e-01 
 2.98280000e-03 -5.39302725e-02  2.98280000e-03 -1.61790170e-01 
 2.99280000e-03 -2.26117525e-02  2.99280000e-03 -6.78349862e-02 
 3.00280000e-03  8.79600567e-03  3.00280000e-03  2.63879114e-02 
 3.01280000e-03  4.01690501e-02  3.01280000e-03  1.20506668e-01 
 3.02280000e-03  7.13835656e-02  3.02280000e-03  2.14149840e-01 
 3.03280000e-03  1.02316363e-01  3.03280000e-03  3.06947860e-01 
 3.04280000e-03  1.32845364e-01  3.04280000e-03  3.98534497e-01 
 3.05280000e-03  1.62850085e-01  3.05280000e-03  4.88548301e-01 
 3.06280000e-03  1.92212112e-01  3.06280000e-03  5.76634028e-01 
 3.07280000e-03  2.20815565e-01  3.07280000e-03  6.62444043e-01 
 3.08280000e-03  2.48547560e-01  3.08280000e-03  7.45639695e-01 
 3.09280000e-03  2.75298651e-01  3.09280000e-03  8.25892648e-01 
 3.10280000e-03  3.00963264e-01  3.10280000e-03  9.02886179e-01 
 3.11280000e-03  3.25440113e-01  3.11280000e-03  9.76316431e-01 
 3.12280000e-03  3.48632598e-01  3.12280000e-03  1.04589361e+00 
 3.13280000e-03  3.70449189e-01  3.13280000e-03  1.11134312e+00 
 3.14280000e-03  3.90803787e-01  3.14280000e-03  1.17240667e+00 
 3.15280000e-03  4.09616061e-01  3.15280000e-03  1.22884327e+00 
 3.16280000e-03  4.26811768e-01  3.16280000e-03  1.28043018e+00 
 3.17280000e-03  4.42323043e-01  3.17280000e-03  1.32696382e+00 
 3.18280000e-03  4.56088672e-01  3.18280000e-03  1.36826054e+00 
 3.19280000e-03  4.68054326e-01  3.19280000e-03  1.40415736e+00 
 3.20280000e-03  4.78172785e-01  3.20280000e-03  1.43451261e+00 
 3.21280000e-03  4.86404113e-01  3.21280000e-03  1.45920650e+00 
 3.22280000e-03  4.92715827e-01  3.22280000e-03  1.47814157e+00 
 3.23280000e-03  4.97083017e-01  3.23280000e-03  1.49124308e+00 
 3.24280000e-03  4.99488447e-01  3.24280000e-03  1.49845935e+00 
 3.25280000e-03  4.99922624e-01  3.25280000e-03  1.49976187e+00 
 3.26280000e-03  4.98383835e-01  3.26280000e-03  1.49514552e+00 
 3.27280000e-03  4.94878153e-01  3.27280000e-03  1.48462852e+00 
 3.28280000e-03  4.89419413e-01  3.28280000e-03  1.46825236e+00 
 3.29280000e-03  4.82029158e-01  3.29280000e-03  1.44608169e+00 
 3.30280000e-03  4.72736554e-01  3.30280000e-03  1.41820399e+00 
 3.31280000e-03  4.61578275e-01  3.31280000e-03  1.38472928e+00 
 3.32280000e-03  4.48598358e-01  3.32280000e-03  1.34578969e+00 
 3.33280000e-03  4.33848027e-01  3.33280000e-03  1.30153887e+00 
 3.34280000e-03  4.17385497e-01  3.34280000e-03  1.25215148e+00 
 3.35280000e-03  3.99275737e-01  3.35280000e-03  1.19782242e+00 
 3.36280000e-03  3.79590217e-01  3.36280000e-03  1.13876610e+00 
 3.37280000e-03  3.58406629e-01  3.37280000e-03  1.07521558e+00 
 3.38280000e-03  3.35808573e-01  3.38280000e-03  1.00742169e+00 
 3.39280000e-03  3.11885235e-01  3.39280000e-03  9.35651961e-01 
 3.40280000e-03  2.86731028e-01  3.40280000e-03  8.60189641e-01 
 3.41280000e-03  2.60445224e-01  3.41280000e-03  7.81332547e-01 
 3.42280000e-03  2.33131562e-01  3.42280000e-03  6.99391889e-01 
 3.43280000e-03  2.04897837e-01  3.43280000e-03  6.14691051e-01 
 3.44280000e-03  1.75855473e-01  3.44280000e-03  5.27564309e-01 
 3.45280000e-03  1.46119088e-01  3.45280000e-03  4.38355511e-01 
 3.46280000e-03  1.15806038e-01  3.46280000e-03  3.47416724e-01 
 3.47280000e-03  8.50359543e-02  3.47280000e-03  2.55106842e-01 
 3.48280000e-03  5.39302725e-02  3.48280000e-03  1.61790170e-01 
 3.49280000e-03  2.26117525e-02  3.49280000e-03  6.78349862e-02 
 3.50280000e-03 -8.79600567e-03  3.50280000e-03 -2.63879114e-02 
 3.51280000e-03 -4.01690501e-02  3.51280000e-03 -1.20506668e-01 
 3.52280000e-03 -7.13835656e-02  3.52280000e-03 -2.14149840e-01 
 3.53280000e-03 -1.02316363e-01  3.53280000e-03 -3.06947860e-01 
 3.54280000e-03 -1.32845364e-01  3.54280000e-03 -3.98534497e-01 
 3.55280000e-03 -1.62850085e-01  3.55280000e-03 -4.88548301e-01 
 3.56280000e-03 -1.92212112e-01  3.56280000e-03 -5.76634028e-01 
 3.57280000e-03 -2.20815565e-01  3.57280000e-03 -6.62444043e-01 
 3.58280000e-03 -2.48547560e-01  3.58280000e-03 -7.45639695e-01 
 3.59280000e-03 -2.75298651e-01  3.59280000e-03 -8.25892648e-01 
 3.60280000e-03 -3.00963264e-01  3.60280000e-03 -9.02886179e-01 
 3.61280000e-03 -3.25440113e-01  3.61280000e-03 -9.76316431e-01 
 3.62280000e-03 -3.48632598e-01  3.62280000e-03 -1.04589361e+00 
 3.63280000e-03 -3.70449189e-01  3.63280000e-03 -1.11134312e+00 
 3.64280000e-03 -3.90803787e-01  3.64280000e-03 -1.17240667e+00 
 3.65280000e-03 -4.09616061e-01  3.65280000e-03 -1.22884327e+00 
 3.66280000e-03 -4.26811768e-01  3.66280000e-03 -1.28043018e+00 
 3.67280000e-03 -4.42323043e-01  3.67280000e-03 -1.32696382e+00 
 3.68280000e-03 -4.56088672e-01  3.68280000e-03 -1.36826054e+00 
 3.69280000e-03 -4.68054326e-01  3.69280000e-03 -1.40415736e+00 
 3.70280000e-03 -4.78172785e-01  3.70280000e-03 -1.43451261e+00 
 3.71280000e-03 -4.86404113e-01  3.71280000e-03 -1.45920650e+00 
 3.72280000e-03 -4.92715827e-01  3.72280000e-03 -1.47814157e+00 
 3.73280000e-03 -4.97083017e-01  3.73280000e-03 -1.49124308e+00 
 3.74280000e-03 -4.99488447e-01  3.74280000e-03 -1.49845935e+00 
 3.75280000e-03 -4.99922624e-01  3.75280000e-03 -1.49976187e+00 
 3.76280000e-03 -4.98383835e-01  3.76280000e-03 -1.49514552e+00 
 3.77280000e-03 -4.94878153e-01  3.77280000e-03 -1.48462852e+00 
 3.78280000e-03 -4.89419413e-01  3.78280000e-03 -1.46825236e+00 
 3.79280000e-03 -4.82029158e-01  3.79280000e-03 -1.44608169e+00 
 3.80280000e-03 -4.72736554e-01  3.80280000e-03 -1.41820399e+00 
 3.81280000e-03 -4.61578275e-01  3.81280000e-03 -1.38472928e+00 
 3.82280000e-03 -4.48598358e-01  3.82280000e-03 -1.34578969e+00 
 3.83280000e-03 -4.33848027e-01  3.83280000e-03 -1.30153887e+00 
 3.84280000e-03 -4.17385497e-01  3.84280000e-03 -1.25215148e+00 
 3.85280000e-03 -3.99275737e-01  3.85280000e-03 -1.19782242e+00 
 3.86280000e-03 -3.79590217e-01  3.86280000e-03 -1.13876610e+00 
 3.87280000e-03 -3.58406629e-01  3.87280000e-03 -1.07521558e+00 
 3.88280000e-03 -3.35808573e-01  3.88280000e-03 -1.00742169e+00 
 3.89280000e-03 -3.11885235e-01  3.89280000e-03 -9.35651961e-01 
 3.90280000e-03 -2.86731028e-01  3.90280000e-03 -8.60189641e-01 
 3.91280000e-03 -2.60445224e-01  3.91280000e-03 -7.81332547e-01 
 3.92280000e-03 -2.33131562e-01  3.92280000e-03 -6.99391889e-01 
 3.93280000e-03 -2.04897837e-01  3.93280000e-03 -6.14691051e-01 
 3.94280000e-03 -1.75855473e-01  3.94280000e-03 -5.27564309e-01 
 3.95280000e-03 -1.46119088e-01  3.95280000e-03 -4.38355511e-01 
 3.96280000e-03 -1.15806038e-01  3.96280000e-03 -3.47416724e-01 
 3.97280000e-03 -8.50359543e-02  3.97280000e-03 -2.55106842e-01 
 3.98280000e-03 -5.39302725e-02  3.98280000e-03 -1.61790170e-01 
 3.99280000e-03 -2.26117525e-02  3.99280000e-03 -6.78349862e-02 
 4.00280000e-03  8.79600567e-03  4.00280000e-03  2.63879114e-02 
 4.01280000e-03  4.01690501e-02  4.01280000e-03  1.20506668e-01 
 4.02280000e-03  7.13835656e-02  4.02280000e-03  2.14149840e-01 
 4.03280000e-03  1.02316363e-01  4.03280000e-03  3.06947860e-01 
 4.04280000e-03  1.32845364e-01  4.04280000e-03  3.98534497e-01 
 4.05280000e-03  1.62850085e-01  4.05280000e-03  4.88548301e-01 
 4.06280000e-03  1.92212112e-01  4.06280000e-03  5.76634028e-01 
 4.07280000e-03  2.20815565e-01  4.07280000e-03  6.62444043e-01 
 4.08280000e-03  2.48547560e-01  4.08280000e-03  7.45639695e-01 
 4.09280000e-03  2.75298651e-01  4.09280000e-03  8.25892648e-01 
 4.10280000e-03  3.00963264e-01  4.10280000e-03  9.02886179e-01 
 4.11280000e-03  3.25440113e-01  4.11280000e-03  9.76316431e-01 
 4.12280000e-03  3.48632598e-01  4.12280000e-03  1.04589361e+00 
 4.13280000e-03  3.70449189e-01  4.13280000e-03  1.11134312e+00 
 4.14280000e-03  3.90803787e-01  4.14280000e-03  1.17240667e+00 
 4.15280000e-03  4.09616061e-01  4.15280000e-03  1.22884327e+00 
 4.16280000e-03  4.26811768e-01  4.16280000e-03  1.28043018e+00 
 4.17280000e-03  4.42323043e-01  4.17280000e-03  1.32696382e+00 
 4.18280000e-03  4.56088672e-01  4.18280000e-03  1.36826054e+00 
 4.19280000e-03  4.68054326e-01  4.19280000e-03  1.40415736e+00 
 4.20280000e-03  4.78172785e-01  4.20280000e-03  1.43451261e+00 
 4.21280000e-03  4.86404113e-01  4.21280000e-03  1.45920650e+00 
 4.22280000e-03  4.92715827e-01  4.22280000e-03  1.47814157e+00 
 4.23280000e-03  4.97083017e-01  4.23280000e-03  1.49124308e+00 
 4.24280000e-03  4.99488447e-01  4.24280000e-03  1.49845935e+00 
 4.25280000e-03  4.99922624e-01  4.25280000e-03  1.49976187e+00 
 4.26280000e-03  4.98383835e-01  4.26280000e-03  1.49514552e+00 
 4.27280000e-03  4.94878153e-01  4.27280000e-03  1.48462852e+00 
 4.28280000e-03  4.89419413e-01  4.28280000e-03  1.46825236e+00 
 4.29280000e-03  4.82029158e-01  4.29280000e-03  1.44608169e+00 
 4.30280000e-03  4.72736554e-01  4.30280000e-03  1.41820399e+00 
 4.31280000e-03  4.61578275e-01  4.31280000e-03  1.38472928e+00 
 4.32280000e-03  4.48598358e-01  4.32280000e-03  1.34578969e+00 
 4.33280000e-03  4.33848027e-01  4.33280000e-03  1.30153887e+00 
 4.34280000e-03  4.17385497e-01  4.34280000e-03  1.25215148e+00 
 4.35280000e-03  3.99275737e-01  4.35280000e-03  1.19782242e+00 
 4.36280000e-03  3.79590217e-01  4.36280000e-03  1.13876610e+00 
 4.37280000e-03  3.58406629e-01  4.37280000e-03  1.07521558e+00 
 4.38280000e-03  3.35808573e-01  4.38280000e-03  1.00742169e+00 
 4.39280000e-03  3.11885235e-01  4.39280000e-03  9.35651961e-01 
 4.40280000e-03  2.86731028e-01  4.40280000e-03  8.60189641e-01 
 4.41280000e-03  2.60445224e-01  4.41280000e-03  7.81332547e-01 
 4.42280000e-03  2.33131562e-01  4.42280000e-03  6.99391889e-01 
 4.43280000e-03  2.04897837e-01  4.43280000e-03  6.14691051e-01 
 4.44280000e-03  1.75855473e-01  4.44280000e-03  5.27564309e-01 
 4.45280000e-03  1.46119088e-01  4.45280000e-03  4.38355511e-01 
 4.46280000e-03  1.15806038e-01  4.46280000e-03  3.47416724e-01 
 4.47280000e-03  8.50359543e-02  4.47280000e-03  2.55106842e-01 
 4.48280000e-03  5.39302725e-02  4.48280000e-03  1.61790170e-01 
 4.49280000e-03  2.26117525e-02  4.49280000e-03  6.78349862e-02 
 4.50280000e-03 -8.79600567e-03  4.50280000e-03 -2.63879114e-02 
 4.51280000e-03 -4.01690501e-02  4.51280000e-03 -1.20506668e-01 
 4.52280000e-03 -7.13835656e-02  4.52280000e-03 -2.14149840e-01 
 4.53280000e-03 -1.02316363e-01  4.53280000e-03 -3.06947860e-01 
 4.54280000e-03 -1.32845364e-01  4.54280000e-03 -3.98534497e-01 
 4.55280000e-03 -1.62850085e-01  4.55280000e-03 -4.88548301e-01 
 4.56280000e-03 -1.92212112e-01  4.56280000e-03 -5.76634028e-01 
 4.57280000e-03 -2.20815565e-01  4.57280000e-03 -6.62444043e-01 
 4.58280000e-03 -2.48547560e-01  4.58280000e-03 -7.45639695e-01 
 4.59280000e-03 -2.75298651e-01  4.59280000e-03 -8.25892648e-01 
 4.60280000e-03 -3.00963264e-01  4.60280000e-03 -9.02886179e-01 
 4.61280000e-03 -3.25440113e-01  4.61280000e-03 -9.76316431e-01 
 4.62280000e-03 -3.48632598e-01  4.62280000e-03 -1.04589361e+00 
 4.63280000e-03 -3.70449189e-01  4.63280000e-03 -1.11134312e+00 
 4.64280000e-03 -3.90803787e-01  4.64280000e-03 -1.17240667e+00 
 4.65280000e-03 -4.09616061e-01  4.65280000e-03 -1.22884327e+00 
 4.66280000e-03 -4.26811768e-01  4.66280000e-03 -1.28043018e+00 
 4.67280000e-03 -4.42323043e-01  4.67280000e-03 -1.32696382e+00 
 4.68280000e-03 -4.56088672e-01  4.68280000e-03 -1.36826054e+00 
 4.69280000e-03 -4.68054326e-01  4.69280000e-03 -1.40415736e+00 
 4.70280000e-03 -4.78172785e-01  4.70280000e-03 -1.43451261e+00 
 4.71280000e-03 -4.86404113e-01  4.71280000e-03 -1.45920650e+00 
 4.72280000e-03 -4.92715827e-01  4.72280000e-03 -1.47814157e+00 
 4.73280000e-03 -4.97083017e-01  4.73280000e-03 -1.49124308e+00 
 4.74280000e-03 -4.99488447e-01  4.74280000e-03 -1.49845935e+00 
 4.75280000e-03 -4.99922624e-01  4.75280000e-03 -1.49976187e+00 
 4.76280000e-03 -4.98383835e-01  4.76280000e-03 -1.49514552e+00 
 4.77280000e-03 -4.94878153e-01  4.77280000e-03 -1.48462852e+00 
 4.78280000e-03 -4.89419413e-01  4.78280000e-03 -1.46825236e+00 
 4.79280000e-03 -4.82029158e-01  4.79280000e-03 -1.44608169e+00 
 4.80280000e-03 -4.72736554e-01  4.80280000e-03 -1.41820399e+00 
 4.81280000e-03 -4.61578275e-01  4.81280000e-03 -1.38472928e+00 
 4.82280000e-03 -4.48598358e-01  4.82280000e-03 -1.34578969e+00 
 4.83280000e-03 -4.33848027e-01  4.83280000e-03 -1.30153887e+00 
 4.84280000e-03 -4.17385497e-01  4.84280000e-03 -1.25215148e+00 
 4.85280000e-03 -3.99275737e-01  4.85280000e-03 -1.19782242e+00 
 4.86280000e-03 -3.79590217e-01  4.86280000e-03 -1.13876610e+00 
 4.87280000e-03 -3.58406629e-01  4.87280000e-03 -1.07521558e+00 
 4.88280000e-03 -3.35808573e-01  4.88280000e-03 -1.00742169e+00 
 4.89280000e-03 -3.11885235e-01  4.89280000e-03 -9.35651961e-01 
 4.90280000e-03 -2.86731028e-01  4.90280000e-03 -8.60189641e-01 
 4.91280000e-03 -2.60445224e-01  4.91280000e-03 -7.81332547e-01 
 4.92280000e-03 -2.33131562e-01  4.92280000e-03 -6.99391889e-01 
 4.93280000e-03 -2.04897837e-01  4.93280000e-03 -6.14691051e-01 
 4.94280000e-03 -1.75855473e-01  4.94280000e-03 -5.27564309e-01 
 4.95280000e-03 -1.46119088e-01  4.95280000e-03 -4.38355511e-01 
 4.96280000e-03 -1.15806038e-01  4.96280000e-03 -3.47416724e-01 
 4.97280000e-03 -8.50359543e-02  4.97280000e-03 -2.55106842e-01 
 4.98280000e-03 -5.39302725e-02  4.98280000e-03 -1.61790170e-01 
 4.99280000e-03 -2.26117525e-02  4.99280000e-03 -6.78349862e-02 
 5.00000000e-03 -6.12323400e-16  5.00000000e-03 -1.83696285e-15 
