-1.80000000e+00 -8.59121423e-05 
-1.79500000e+00 -8.59090258e-05 
-1.79000000e+00 -8.59058569e-05 
-1.78500000e+00 -8.59026736e-05 
-1.78000000e+00 -8.58994619e-05 
-1.77500000e+00 -8.58962208e-05 
-1.77000000e+00 -8.58929493e-05 
-1.76500000e+00 -8.58896462e-05 
-1.76000000e+00 -8.58863105e-05 
-1.75500000e+00 -8.58829410e-05 
-1.75000000e+00 -8.58795363e-05 
-1.74500000e+00 -8.58760952e-05 
-1.74000000e+00 -8.58726163e-05 
-1.73500000e+00 -8.58690982e-05 
-1.73000000e+00 -8.58655393e-05 
-1.72500000e+00 -8.58619381e-05 
-1.72000000e+00 -8.58582929e-05 
-1.71500000e+00 -8.58546020e-05 
-1.71000000e+00 -8.58508635e-05 
-1.70500000e+00 -8.58470756e-05 
-1.70000000e+00 -8.58432361e-05 
-1.69500000e+00 -8.58393432e-05 
-1.69000000e+00 -8.58353944e-05 
-1.68500000e+00 -8.58313875e-05 
-1.68000000e+00 -8.58273200e-05 
-1.67500000e+00 -8.58231894e-05 
-1.67000000e+00 -8.58189929e-05 
-1.66500000e+00 -8.58147277e-05 
-1.66000000e+00 -8.58103909e-05 
-1.65500000e+00 -8.58059793e-05 
-1.65000000e+00 -8.58014895e-05 
-1.64500000e+00 -8.57969181e-05 
-1.64000000e+00 -8.57922614e-05 
-1.63500000e+00 -8.57875155e-05 
-1.63000000e+00 -8.57826764e-05 
-1.62500000e+00 -8.57777398e-05 
-1.62000000e+00 -8.57727012e-05 
-1.61500000e+00 -8.57675557e-05 
-1.61000000e+00 -8.57622985e-05 
-1.60500000e+00 -8.57569241e-05 
-1.60000000e+00 -8.57514270e-05 
-1.59500000e+00 -8.57458013e-05 
-1.59000000e+00 -8.57400408e-05 
-1.58500000e+00 -8.57341391e-05 
-1.58000000e+00 -8.57280891e-05 
-1.57500000e+00 -8.57218836e-05 
-1.57000000e+00 -8.57155150e-05 
-1.56500000e+00 -8.57089751e-05 
-1.56000000e+00 -8.57022555e-05 
-1.55500000e+00 -8.56953472e-05 
-1.55000000e+00 -8.56882407e-05 
-1.54500000e+00 -8.56809260e-05 
-1.54000000e+00 -8.56733928e-05 
-1.53500000e+00 -8.56656298e-05 
-1.53000000e+00 -8.56576254e-05 
-1.52500000e+00 -8.56493675e-05 
-1.52000000e+00 -8.56408432e-05 
-1.51500000e+00 -8.56320389e-05 
-1.51000000e+00 -8.56229403e-05 
-1.50500000e+00 -8.56135326e-05 
-1.50000000e+00 -8.56038001e-05 
-1.49500000e+00 -8.55937263e-05 
-1.49000000e+00 -8.55832940e-05 
-1.48500000e+00 -8.55724851e-05 
-1.48000000e+00 -8.55612809e-05 
-1.47500000e+00 -8.55496615e-05 
-1.47000000e+00 -8.55376063e-05 
-1.46500000e+00 -8.55250940e-05 
-1.46000000e+00 -8.55121020e-05 
-1.45500000e+00 -8.54986072e-05 
-1.45000000e+00 -8.54845852e-05 
-1.44500000e+00 -8.54700110e-05 
-1.44000000e+00 -8.54548585e-05 
-1.43500000e+00 -8.54391009e-05 
-1.43000000e+00 -8.54227102e-05 
-1.42500000e+00 -8.54056577e-05 
-1.42000000e+00 -8.53879139e-05 
-1.41500000e+00 -8.53694484e-05 
-1.41000000e+00 -8.53502300e-05 
-1.40500000e+00 -8.53302267e-05 
-1.40000000e+00 -8.53094060e-05 
-1.39500000e+00 -8.52877345e-05 
-1.39000000e+00 -8.52651782e-05 
-1.38500000e+00 -8.52417029e-05 
-1.38000000e+00 -8.52172735e-05 
-1.37500000e+00 -8.51918547e-05 
-1.37000000e+00 -8.51654110e-05 
-1.36500000e+00 -8.51379064e-05 
-1.36000000e+00 -8.51093049e-05 
-1.35500000e+00 -8.50795703e-05 
-1.35000000e+00 -8.50486665e-05 
-1.34500000e+00 -8.50165573e-05 
-1.34000000e+00 -8.49832069e-05 
-1.33500000e+00 -8.49485796e-05 
-1.33000000e+00 -8.49126400e-05 
-1.32500000e+00 -8.48753531e-05 
-1.32000000e+00 -8.48366843e-05 
-1.31500000e+00 -8.47965998e-05 
-1.31000000e+00 -8.47550660e-05 
-1.30500000e+00 -8.47120502e-05 
-1.30000000e+00 -8.46675204e-05 
-1.29500000e+00 -8.46214451e-05 
-1.29000000e+00 -8.45737940e-05 
-1.28500000e+00 -8.45245371e-05 
-1.28000000e+00 -8.44736458e-05 
-1.27500000e+00 -8.44210920e-05 
-1.27000000e+00 -8.43668486e-05 
-1.26500000e+00 -8.43108894e-05 
-1.26000000e+00 -8.42531892e-05 
-1.25500000e+00 -8.41937236e-05 
-1.25000000e+00 -8.41324691e-05 
-1.24500000e+00 -8.40694032e-05 
-1.24000000e+00 -8.40045044e-05 
-1.23500000e+00 -8.39377518e-05 
-1.23000000e+00 -8.38691256e-05 
-1.22500000e+00 -8.37986069e-05 
-1.22000000e+00 -8.37261774e-05 
-1.21500000e+00 -8.36518198e-05 
-1.21000000e+00 -8.35755176e-05 
-1.20500000e+00 -8.34972550e-05 
-1.20000000e+00 -8.34170169e-05 
-1.19500000e+00 -8.33347891e-05 
-1.19000000e+00 -8.32505579e-05 
-1.18500000e+00 -8.31643105e-05 
-1.18000000e+00 -8.30760344e-05 
-1.17500000e+00 -8.29857180e-05 
-1.17000000e+00 -8.28933501e-05 
-1.16500000e+00 -8.27989203e-05 
-1.16000000e+00 -8.27024186e-05 
-1.15500000e+00 -8.26038353e-05 
-1.15000000e+00 -8.25031616e-05 
-1.14500000e+00 -8.24003889e-05 
-1.14000000e+00 -8.22955091e-05 
-1.13500000e+00 -8.21885145e-05 
-1.13000000e+00 -8.20793978e-05 
-1.12500000e+00 -8.19681521e-05 
-1.12000000e+00 -8.18547709e-05 
-1.11500000e+00 -8.17392480e-05 
-1.11000000e+00 -8.16215775e-05 
-1.10500000e+00 -8.15017539e-05 
-1.10000000e+00 -8.13797718e-05 
-1.09500000e+00 -8.12556263e-05 
-1.09000000e+00 -8.11293126e-05 
-1.08500000e+00 -8.10008262e-05 
-1.08000000e+00 -8.08701629e-05 
-1.07500000e+00 -8.07373185e-05 
-1.07000000e+00 -8.06022893e-05 
-1.06500000e+00 -8.04650717e-05 
-1.06000000e+00 -8.03256621e-05 
-1.05500000e+00 -8.01840574e-05 
-1.05000000e+00 -8.00402543e-05 
-1.04500000e+00 -7.98942500e-05 
-1.04000000e+00 -7.97460415e-05 
-1.03500000e+00 -7.95956264e-05 
-1.03000000e+00 -7.94430020e-05 
-1.02500000e+00 -7.92881660e-05 
-1.02000000e+00 -7.91311160e-05 
-1.01500000e+00 -7.89718499e-05 
-1.01000000e+00 -7.88103656e-05 
-1.00500000e+00 -7.86466612e-05 
-1.00000000e+00 -7.84807348e-05 
-9.95000000e-01 -7.83125847e-05 
-9.90000000e-01 -7.81422090e-05 
-9.85000000e-01 -7.79696064e-05 
-9.80000000e-01 -7.77947751e-05 
-9.75000000e-01 -7.76177137e-05 
-9.70000000e-01 -7.74384210e-05 
-9.65000000e-01 -7.72568954e-05 
-9.60000000e-01 -7.70731359e-05 
-9.55000000e-01 -7.68871411e-05 
-9.50000000e-01 -7.66989099e-05 
-9.45000000e-01 -7.65084413e-05 
-9.40000000e-01 -7.63157342e-05 
-9.35000000e-01 -7.61207877e-05 
-9.30000000e-01 -7.59236006e-05 
-9.25000000e-01 -7.57241723e-05 
-9.20000000e-01 -7.55225017e-05 
-9.15000000e-01 -7.53185881e-05 
-9.10000000e-01 -7.51124307e-05 
-9.05000000e-01 -7.49040287e-05 
-9.00000000e-01 -7.46933815e-05 
-8.95000000e-01 -7.44804883e-05 
-8.90000000e-01 -7.42653484e-05 
-8.85000000e-01 -7.40479613e-05 
-8.80000000e-01 -7.38283263e-05 
-8.75000000e-01 -7.36064429e-05 
-8.70000000e-01 -7.33823106e-05 
-8.65000000e-01 -7.31559287e-05 
-8.60000000e-01 -7.29272969e-05 
-8.55000000e-01 -7.26964145e-05 
-8.50000000e-01 -7.24632812e-05 
-8.45000000e-01 -7.22278966e-05 
-8.40000000e-01 -7.19902601e-05 
-8.35000000e-01 -7.17503714e-05 
-8.30000000e-01 -7.15082301e-05 
-8.25000000e-01 -7.12638359e-05 
-8.20000000e-01 -7.10171884e-05 
-8.15000000e-01 -7.07682872e-05 
-8.10000000e-01 -7.05171320e-05 
-8.05000000e-01 -7.02637225e-05 
-8.00000000e-01 -7.00080584e-05 
-7.95000000e-01 -6.97501395e-05 
-7.90000000e-01 -6.94899654e-05 
-7.85000000e-01 -6.92275359e-05 
-7.80000000e-01 -6.89628507e-05 
-7.75000000e-01 -6.86959096e-05 
-7.70000000e-01 -6.84267124e-05 
-7.65000000e-01 -6.81552588e-05 
-7.60000000e-01 -6.78815486e-05 
-7.55000000e-01 -6.76055817e-05 
-7.50000000e-01 -6.73273577e-05 
-7.45000000e-01 -6.70468767e-05 
-7.40000000e-01 -6.67641382e-05 
-7.35000000e-01 -6.64791423e-05 
-7.30000000e-01 -6.61918887e-05 
-7.25000000e-01 -6.59023772e-05 
-7.20000000e-01 -6.56106078e-05 
-7.15000000e-01 -6.53165802e-05 
-7.10000000e-01 -6.50202944e-05 
-7.05000000e-01 -6.47217501e-05 
-7.00000000e-01 -6.44209474e-05 
-6.95000000e-01 -6.41178859e-05 
-6.90000000e-01 -6.38125657e-05 
-6.85000000e-01 -6.35049866e-05 
-6.80000000e-01 -6.31951485e-05 
-6.75000000e-01 -6.28830513e-05 
-6.70000000e-01 -6.25686949e-05 
-6.65000000e-01 -6.22520793e-05 
-6.60000000e-01 -6.19332042e-05 
-6.55000000e-01 -6.16120697e-05 
-6.50000000e-01 -6.12886756e-05 
-6.45000000e-01 -6.09630220e-05 
-6.40000000e-01 -6.06351086e-05 
-6.35000000e-01 -6.03049354e-05 
-6.30000000e-01 -5.99725024e-05 
-6.25000000e-01 -5.96378095e-05 
-6.20000000e-01 -5.93008566e-05 
-6.15000000e-01 -5.89616437e-05 
-6.10000000e-01 -5.86201707e-05 
-6.05000000e-01 -5.82764376e-05 
-6.00000000e-01 -5.79304443e-05 
-5.95000000e-01 -5.75821908e-05 
-5.90000000e-01 -5.72316770e-05 
-5.85000000e-01 -5.68789028e-05 
-5.80000000e-01 -5.65238683e-05 
-5.75000000e-01 -5.61665734e-05 
-5.70000000e-01 -5.58070180e-05 
-5.65000000e-01 -5.54452022e-05 
-5.60000000e-01 -5.50811258e-05 
-5.55000000e-01 -5.47147889e-05 
-5.50000000e-01 -5.43461915e-05 
-5.45000000e-01 -5.39753334e-05 
-5.40000000e-01 -5.36022148e-05 
-5.35000000e-01 -5.32268355e-05 
-5.30000000e-01 -5.28491955e-05 
-5.25000000e-01 -5.24692948e-05 
-5.20000000e-01 -5.20871335e-05 
-5.15000000e-01 -5.17027114e-05 
-5.10000000e-01 -5.13160285e-05 
-5.05000000e-01 -5.09270850e-05 
-5.00000000e-01 -5.05358806e-05 
-4.95000000e-01 -5.01424155e-05 
-4.90000000e-01 -4.97466896e-05 
-4.85000000e-01 -4.93487029e-05 
-4.80000000e-01 -4.89484554e-05 
-4.75000000e-01 -4.85459471e-05 
-4.70000000e-01 -4.81411779e-05 
-4.65000000e-01 -4.77341480e-05 
-4.60000000e-01 -4.73248572e-05 
-4.55000000e-01 -4.69133056e-05 
-4.50000000e-01 -4.64994931e-05 
-4.45000000e-01 -4.60834199e-05 
-4.40000000e-01 -4.56650858e-05 
-4.35000000e-01 -4.52444909e-05 
-4.30000000e-01 -4.48216351e-05 
-4.25000000e-01 -4.43965185e-05 
-4.20000000e-01 -4.39691412e-05 
-4.15000000e-01 -4.35395030e-05 
-4.10000000e-01 -4.31076040e-05 
-4.05000000e-01 -4.26734442e-05 
-4.00000000e-01 -4.22370236e-05 
-3.95000000e-01 -4.17983422e-05 
-3.90000000e-01 -4.13574001e-05 
-3.85000000e-01 -4.09141971e-05 
-3.80000000e-01 -4.04687335e-05 
-3.75000000e-01 -4.00210090e-05 
-3.70000000e-01 -3.95710239e-05 
-3.65000000e-01 -3.91187780e-05 
-3.60000000e-01 -3.86642714e-05 
-3.55000000e-01 -3.82075041e-05 
-3.50000000e-01 -3.77484762e-05 
-3.45000000e-01 -3.72871875e-05 
-3.40000000e-01 -3.68236382e-05 
-3.35000000e-01 -3.63578283e-05 
-3.30000000e-01 -3.58897578e-05 
-3.25000000e-01 -3.54194266e-05 
-3.20000000e-01 -3.49468349e-05 
-3.15000000e-01 -3.44719826e-05 
-3.10000000e-01 -3.39948697e-05 
-3.05000000e-01 -3.35154963e-05 
-3.00000000e-01 -3.30338624e-05 
-2.95000000e-01 -3.25499679e-05 
-2.90000000e-01 -3.20638130e-05 
-2.85000000e-01 -3.15753977e-05 
-2.80000000e-01 -3.10847219e-05 
-2.75000000e-01 -3.05917857e-05 
-2.70000000e-01 -3.00965891e-05 
-2.65000000e-01 -2.95991321e-05 
-2.60000000e-01 -2.90994148e-05 
-2.55000000e-01 -2.85974372e-05 
-2.50000000e-01 -2.80931992e-05 
-2.45000000e-01 -2.75867010e-05 
-2.40000000e-01 -2.70779425e-05 
-2.35000000e-01 -2.65669237e-05 
-2.30000000e-01 -2.60536448e-05 
-2.25000000e-01 -2.55381057e-05 
-2.20000000e-01 -2.50203064e-05 
-2.15000000e-01 -2.45002470e-05 
-2.10000000e-01 -2.39779274e-05 
-2.05000000e-01 -2.34533478e-05 
-2.00000000e-01 -2.29265081e-05 
-1.95000000e-01 -2.23974084e-05 
-1.90000000e-01 -2.18660487e-05 
-1.85000000e-01 -2.13324290e-05 
-1.80000000e-01 -2.07965493e-05 
-1.75000000e-01 -2.02584097e-05 
-1.70000000e-01 -1.97180103e-05 
-1.65000000e-01 -1.91753509e-05 
-1.60000000e-01 -1.86304317e-05 
-1.55000000e-01 -1.80832527e-05 
-1.50000000e-01 -1.75338139e-05 
-1.45000000e-01 -1.69821154e-05 
-1.40000000e-01 -1.64281571e-05 
-1.35000000e-01 -1.58719391e-05 
-1.30000000e-01 -1.53134615e-05 
-1.25000000e-01 -1.47527242e-05 
-1.20000000e-01 -1.41897273e-05 
-1.15000000e-01 -1.36244708e-05 
-1.10000000e-01 -1.30569548e-05 
-1.05000000e-01 -1.24871793e-05 
-1.00000000e-01 -1.19151443e-05 
-9.50000000e-02 -1.13408498e-05 
-9.00000000e-02 -1.07642959e-05 
-8.50000000e-02 -1.01854826e-05 
-8.00000000e-02 -9.60440988e-06 
-7.50000000e-02 -9.02107788e-06 
-7.00000000e-02 -8.43548658e-06 
-6.50000000e-02 -7.84763601e-06 
-6.00000000e-02 -7.25752620e-06 
-5.50000000e-02 -6.66515719e-06 
-5.00000000e-02 -6.07052901e-06 
-4.50000000e-02 -5.47364169e-06 
-4.00000000e-02 -4.87449526e-06 
-3.50000000e-02 -4.27308976e-06 
-3.00000000e-02 -3.66942522e-06 
-2.50000000e-02 -3.06350167e-06 
-2.00000000e-02 -2.45531915e-06 
-1.50000000e-02 -1.84487769e-06 
-1.00000000e-02 -1.23217732e-06 
-5.00000000e-03 -6.17218080e-07 
-1.62769104e-14 -1.98316091e-18 
-1.80000000e+00 -4.26357010e-05 
-1.79500000e+00 -4.26342698e-05 
-1.79000000e+00 -4.26328355e-05 
-1.78500000e+00 -4.26314004e-05 
-1.78000000e+00 -4.26299637e-05 
-1.77500000e+00 -4.26285253e-05 
-1.77000000e+00 -4.26270852e-05 
-1.76500000e+00 -4.26256435e-05 
-1.76000000e+00 -4.26242000e-05 
-1.75500000e+00 -4.26227548e-05 
-1.75000000e+00 -4.26213078e-05 
-1.74500000e+00 -4.26198590e-05 
-1.74000000e+00 -4.26184083e-05 
-1.73500000e+00 -4.26169557e-05 
-1.73000000e+00 -4.26155013e-05 
-1.72500000e+00 -4.26140449e-05 
-1.72000000e+00 -4.26125865e-05 
-1.71500000e+00 -4.26111261e-05 
-1.71000000e+00 -4.26096637e-05 
-1.70500000e+00 -4.26081992e-05 
-1.70000000e+00 -4.26067326e-05 
-1.69500000e+00 -4.26052638e-05 
-1.69000000e+00 -4.26037928e-05 
-1.68500000e+00 -4.26023196e-05 
-1.68000000e+00 -4.26008441e-05 
-1.67500000e+00 -4.25993663e-05 
-1.67000000e+00 -4.25978862e-05 
-1.66500000e+00 -4.25964036e-05 
-1.66000000e+00 -4.25949186e-05 
-1.65500000e+00 -4.25934311e-05 
-1.65000000e+00 -4.25919410e-05 
-1.64500000e+00 -4.25904484e-05 
-1.64000000e+00 -4.25889531e-05 
-1.63500000e+00 -4.25874551e-05 
-1.63000000e+00 -4.25859543e-05 
-1.62500000e+00 -4.25844508e-05 
-1.62000000e+00 -4.25829444e-05 
-1.61500000e+00 -4.25814351e-05 
-1.61000000e+00 -4.25799227e-05 
-1.60500000e+00 -4.25784074e-05 
-1.60000000e+00 -4.25768889e-05 
-1.59500000e+00 -4.25753673e-05 
-1.59000000e+00 -4.25738425e-05 
-1.58500000e+00 -4.25723143e-05 
-1.58000000e+00 -4.25707827e-05 
-1.57500000e+00 -4.25692477e-05 
-1.57000000e+00 -4.25677092e-05 
-1.56500000e+00 -4.25661671e-05 
-1.56000000e+00 -4.25646213e-05 
-1.55500000e+00 -4.25630717e-05 
-1.55000000e+00 -4.25615183e-05 
-1.54500000e+00 -4.25599609e-05 
-1.54000000e+00 -4.25583995e-05 
-1.53500000e+00 -4.25568339e-05 
-1.53000000e+00 -4.25552642e-05 
-1.52500000e+00 -4.25536901e-05 
-1.52000000e+00 -4.25521115e-05 
-1.51500000e+00 -4.25505285e-05 
-1.51000000e+00 -4.25489408e-05 
-1.50500000e+00 -4.25473483e-05 
-1.50000000e+00 -4.25457510e-05 
-1.49500000e+00 -4.25441486e-05 
-1.49000000e+00 -4.25425411e-05 
-1.48500000e+00 -4.25409284e-05 
-1.48000000e+00 -4.25393102e-05 
-1.47500000e+00 -4.25376866e-05 
-1.47000000e+00 -4.25360572e-05 
-1.46500000e+00 -4.25344220e-05 
-1.46000000e+00 -4.25327808e-05 
-1.45500000e+00 -4.25311335e-05 
-1.45000000e+00 -4.25294798e-05 
-1.44500000e+00 -4.25278197e-05 
-1.44000000e+00 -4.25261528e-05 
-1.43500000e+00 -4.25244791e-05 
-1.43000000e+00 -4.25227984e-05 
-1.42500000e+00 -4.25211103e-05 
-1.42000000e+00 -4.25194148e-05 
-1.41500000e+00 -4.25177116e-05 
-1.41000000e+00 -4.25160005e-05 
-1.40500000e+00 -4.25142812e-05 
-1.40000000e+00 -4.25125535e-05 
-1.39500000e+00 -4.25108171e-05 
-1.39000000e+00 -4.25090718e-05 
-1.38500000e+00 -4.25073173e-05 
-1.38000000e+00 -4.25055533e-05 
-1.37500000e+00 -4.25037795e-05 
-1.37000000e+00 -4.25019956e-05 
-1.36500000e+00 -4.25002012e-05 
-1.36000000e+00 -4.24983960e-05 
-1.35500000e+00 -4.24965797e-05 
-1.35000000e+00 -4.24947518e-05 
-1.34500000e+00 -4.24929120e-05 
-1.34000000e+00 -4.24910599e-05 
-1.33500000e+00 -4.24891951e-05 
-1.33000000e+00 -4.24873171e-05 
-1.32500000e+00 -4.24854253e-05 
-1.32000000e+00 -4.24835195e-05 
-1.31500000e+00 -4.24815989e-05 
-1.31000000e+00 -4.24796632e-05 
-1.30500000e+00 -4.24777117e-05 
-1.30000000e+00 -4.24757438e-05 
-1.29500000e+00 -4.24737590e-05 
-1.29000000e+00 -4.24717566e-05 
-1.28500000e+00 -4.24697358e-05 
-1.28000000e+00 -4.24676961e-05 
-1.27500000e+00 -4.24656365e-05 
-1.27000000e+00 -4.24635565e-05 
-1.26500000e+00 -4.24614550e-05 
-1.26000000e+00 -4.24593313e-05 
-1.25500000e+00 -4.24571844e-05 
-1.25000000e+00 -4.24550133e-05 
-1.24500000e+00 -4.24528171e-05 
-1.24000000e+00 -4.24505947e-05 
-1.23500000e+00 -4.24483449e-05 
-1.23000000e+00 -4.24460666e-05 
-1.22500000e+00 -4.24437584e-05 
-1.22000000e+00 -4.24414191e-05 
-1.21500000e+00 -4.24390472e-05 
-1.21000000e+00 -4.24366413e-05 
-1.20500000e+00 -4.24341999e-05 
-1.20000000e+00 -4.24317211e-05 
-1.19500000e+00 -4.24292034e-05 
-1.19000000e+00 -4.24266447e-05 
-1.18500000e+00 -4.24240433e-05 
-1.18000000e+00 -4.24213969e-05 
-1.17500000e+00 -4.24187034e-05 
-1.17000000e+00 -4.24159604e-05 
-1.16500000e+00 -4.24131654e-05 
-1.16000000e+00 -4.24103159e-05 
-1.15500000e+00 -4.24074089e-05 
-1.15000000e+00 -4.24044415e-05 
-1.14500000e+00 -4.24014106e-05 
-1.14000000e+00 -4.23983128e-05 
-1.13500000e+00 -4.23951445e-05 
-1.13000000e+00 -4.23919018e-05 
-1.12500000e+00 -4.23885808e-05 
-1.12000000e+00 -4.23851770e-05 
-1.11500000e+00 -4.23816860e-05 
-1.11000000e+00 -4.23781027e-05 
-1.10500000e+00 -4.23744220e-05 
-1.10000000e+00 -4.23706383e-05 
-1.09500000e+00 -4.23667455e-05 
-1.09000000e+00 -4.23627375e-05 
-1.08500000e+00 -4.23586072e-05 
-1.08000000e+00 -4.23543477e-05 
-1.07500000e+00 -4.23499510e-05 
-1.07000000e+00 -4.23454089e-05 
-1.06500000e+00 -4.23407127e-05 
-1.06000000e+00 -4.23358528e-05 
-1.05500000e+00 -4.23308193e-05 
-1.05000000e+00 -4.23256014e-05 
-1.04500000e+00 -4.23201876e-05 
-1.04000000e+00 -4.23145657e-05 
-1.03500000e+00 -4.23087226e-05 
-1.03000000e+00 -4.23026443e-05 
-1.02500000e+00 -4.22963159e-05 
-1.02000000e+00 -4.22897216e-05 
-1.01500000e+00 -4.22828443e-05 
-1.01000000e+00 -4.22756662e-05 
-1.00500000e+00 -4.22681680e-05 
-1.00000000e+00 -4.22603292e-05 
-9.95000000e-01 -4.22521282e-05 
-9.90000000e-01 -4.22435419e-05 
-9.85000000e-01 -4.22345459e-05 
-9.80000000e-01 -4.22251143e-05 
-9.75000000e-01 -4.22152196e-05 
-9.70000000e-01 -4.22048330e-05 
-9.65000000e-01 -4.21939240e-05 
-9.60000000e-01 -4.21824603e-05 
-9.55000000e-01 -4.21704082e-05 
-9.50000000e-01 -4.21577322e-05 
-9.45000000e-01 -4.21443954e-05 
-9.40000000e-01 -4.21303588e-05 
-9.35000000e-01 -4.21155822e-05 
-9.30000000e-01 -4.21000236e-05 
-9.25000000e-01 -4.20836395e-05 
-9.20000000e-01 -4.20663850e-05 
-9.15000000e-01 -4.20482136e-05 
-9.10000000e-01 -4.20290778e-05 
-9.05000000e-01 -4.20089287e-05 
-9.00000000e-01 -4.19877165e-05 
-8.95000000e-01 -4.19653904e-05 
-8.90000000e-01 -4.19418991e-05 
-8.85000000e-01 -4.19171903e-05 
-8.80000000e-01 -4.18912116e-05 
-8.75000000e-01 -4.18639104e-05 
-8.70000000e-01 -4.18352339e-05 
-8.65000000e-01 -4.18051297e-05 
-8.60000000e-01 -4.17735453e-05 
-8.55000000e-01 -4.17404292e-05 
-8.50000000e-01 -4.17057302e-05 
-8.45000000e-01 -4.16693981e-05 
-8.40000000e-01 -4.16313838e-05 
-8.35000000e-01 -4.15916391e-05 
-8.30000000e-01 -4.15501171e-05 
-8.25000000e-01 -4.15067723e-05 
-8.20000000e-01 -4.14615607e-05 
-8.15000000e-01 -4.14144397e-05 
-8.10000000e-01 -4.13653684e-05 
-8.05000000e-01 -4.13143073e-05 
-8.00000000e-01 -4.12612187e-05 
-7.95000000e-01 -4.12060666e-05 
-7.90000000e-01 -4.11488166e-05 
-7.85000000e-01 -4.10894359e-05 
-7.80000000e-01 -4.10278934e-05 
-7.75000000e-01 -4.09641595e-05 
-7.70000000e-01 -4.08982064e-05 
-7.65000000e-01 -4.08300076e-05 
-7.60000000e-01 -4.07595381e-05 
-7.55000000e-01 -4.06867744e-05 
-7.50000000e-01 -4.06116944e-05 
-7.45000000e-01 -4.05342771e-05 
-7.40000000e-01 -4.04545029e-05 
-7.35000000e-01 -4.03723534e-05 
-7.30000000e-01 -4.02878114e-05 
-7.25000000e-01 -4.02008606e-05 
-7.20000000e-01 -4.01114857e-05 
-7.15000000e-01 -4.00196727e-05 
-7.10000000e-01 -3.99254080e-05 
-7.05000000e-01 -3.98286791e-05 
-7.00000000e-01 -3.97294745e-05 
-6.95000000e-01 -3.96277832e-05 
-6.90000000e-01 -3.95235948e-05 
-6.85000000e-01 -3.94168998e-05 
-6.80000000e-01 -3.93076892e-05 
-6.75000000e-01 -3.91959547e-05 
-6.70000000e-01 -3.90816883e-05 
-6.65000000e-01 -3.89648828e-05 
-6.60000000e-01 -3.88455312e-05 
-6.55000000e-01 -3.87236271e-05 
-6.50000000e-01 -3.85991645e-05 
-6.45000000e-01 -3.84721377e-05 
-6.40000000e-01 -3.83425414e-05 
-6.35000000e-01 -3.82103707e-05 
-6.30000000e-01 -3.80756210e-05 
-6.25000000e-01 -3.79382878e-05 
-6.20000000e-01 -3.77983672e-05 
-6.15000000e-01 -3.76558552e-05 
-6.10000000e-01 -3.75107483e-05 
-6.05000000e-01 -3.73630431e-05 
-6.00000000e-01 -3.72127365e-05 
-5.95000000e-01 -3.70598255e-05 
-5.90000000e-01 -3.69043072e-05 
-5.85000000e-01 -3.67461791e-05 
-5.80000000e-01 -3.65854387e-05 
-5.75000000e-01 -3.64220837e-05 
-5.70000000e-01 -3.62561119e-05 
-5.65000000e-01 -3.60875212e-05 
-5.60000000e-01 -3.59163097e-05 
-5.55000000e-01 -3.57424756e-05 
-5.50000000e-01 -3.55660171e-05 
-5.45000000e-01 -3.53869327e-05 
-5.40000000e-01 -3.52052208e-05 
-5.35000000e-01 -3.50208800e-05 
-5.30000000e-01 -3.48339089e-05 
-5.25000000e-01 -3.46443062e-05 
-5.20000000e-01 -3.44520707e-05 
-5.15000000e-01 -3.42572013e-05 
-5.10000000e-01 -3.40596969e-05 
-5.05000000e-01 -3.38595565e-05 
-5.00000000e-01 -3.36567791e-05 
-4.95000000e-01 -3.34513638e-05 
-4.90000000e-01 -3.32433096e-05 
-4.85000000e-01 -3.30326159e-05 
-4.80000000e-01 -3.28192819e-05 
-4.75000000e-01 -3.26033067e-05 
-4.70000000e-01 -3.23846898e-05 
-4.65000000e-01 -3.21634303e-05 
-4.60000000e-01 -3.19395279e-05 
-4.55000000e-01 -3.17129817e-05 
-4.50000000e-01 -3.14837913e-05 
-4.45000000e-01 -3.12519562e-05 
-4.40000000e-01 -3.10174758e-05 
-4.35000000e-01 -3.07803496e-05 
-4.30000000e-01 -3.05405773e-05 
-4.25000000e-01 -3.02981583e-05 
-4.20000000e-01 -3.00530923e-05 
-4.15000000e-01 -2.98053788e-05 
-4.10000000e-01 -2.95550176e-05 
-4.05000000e-01 -2.93020083e-05 
-4.00000000e-01 -2.90463504e-05 
-3.95000000e-01 -2.87880438e-05 
-3.90000000e-01 -2.85270881e-05 
-3.85000000e-01 -2.82634831e-05 
-3.80000000e-01 -2.79972283e-05 
-3.75000000e-01 -2.77283237e-05 
-3.70000000e-01 -2.74567690e-05 
-3.65000000e-01 -2.71825639e-05 
-3.60000000e-01 -2.69057082e-05 
-3.55000000e-01 -2.66262017e-05 
-3.50000000e-01 -2.63440442e-05 
-3.45000000e-01 -2.60592355e-05 
-3.40000000e-01 -2.57717755e-05 
-3.35000000e-01 -2.54816639e-05 
-3.30000000e-01 -2.51889007e-05 
-3.25000000e-01 -2.48934855e-05 
-3.20000000e-01 -2.45954185e-05 
-3.15000000e-01 -2.42946993e-05 
-3.10000000e-01 -2.39913278e-05 
-3.05000000e-01 -2.36853039e-05 
-3.00000000e-01 -2.33766276e-05 
-2.95000000e-01 -2.30652987e-05 
-2.90000000e-01 -2.27513170e-05 
-2.85000000e-01 -2.24346826e-05 
-2.80000000e-01 -2.21153953e-05 
-2.75000000e-01 -2.17934549e-05 
-2.70000000e-01 -2.14688615e-05 
-2.65000000e-01 -2.11416150e-05 
-2.60000000e-01 -2.08117152e-05 
-2.55000000e-01 -2.04791622e-05 
-2.50000000e-01 -2.01439558e-05 
-2.45000000e-01 -1.98060959e-05 
-2.40000000e-01 -1.94655827e-05 
-2.35000000e-01 -1.91224158e-05 
-2.30000000e-01 -1.87765954e-05 
-2.25000000e-01 -1.84281214e-05 
-2.20000000e-01 -1.80769938e-05 
-2.15000000e-01 -1.77232124e-05 
-2.10000000e-01 -1.73667772e-05 
-2.05000000e-01 -1.70076883e-05 
-2.00000000e-01 -1.66459456e-05 
-1.95000000e-01 -1.62815491e-05 
-1.90000000e-01 -1.59144987e-05 
-1.85000000e-01 -1.55447944e-05 
-1.80000000e-01 -1.51724361e-05 
-1.75000000e-01 -1.47974240e-05 
-1.70000000e-01 -1.44197579e-05 
-1.65000000e-01 -1.40394379e-05 
-1.60000000e-01 -1.36564639e-05 
-1.55000000e-01 -1.32708358e-05 
-1.50000000e-01 -1.28825538e-05 
-1.45000000e-01 -1.24916178e-05 
-1.40000000e-01 -1.20980278e-05 
-1.35000000e-01 -1.17017838e-05 
-1.30000000e-01 -1.13028858e-05 
-1.25000000e-01 -1.09013337e-05 
-1.20000000e-01 -1.04971276e-05 
-1.15000000e-01 -1.00902675e-05 
-1.10000000e-01 -9.68075343e-06 
-1.05000000e-01 -9.26858533e-06 
-1.00000000e-01 -8.85376322e-06 
-9.50000000e-02 -8.43628712e-06 
-9.00000000e-02 -8.01615704e-06 
-8.50000000e-02 -7.59337298e-06 
-8.00000000e-02 -7.16793496e-06 
-7.50000000e-02 -6.73984299e-06 
-7.00000000e-02 -6.30909707e-06 
-6.50000000e-02 -5.87569723e-06 
-6.00000000e-02 -5.43964348e-06 
-5.50000000e-02 -5.00093583e-06 
-5.00000000e-02 -4.55957431e-06 
-4.50000000e-02 -4.11555892e-06 
-4.00000000e-02 -3.66888969e-06 
-3.50000000e-02 -3.21956664e-06 
-3.00000000e-02 -2.76758978e-06 
-2.50000000e-02 -2.31295915e-06 
-2.00000000e-02 -1.85567475e-06 
-1.50000000e-02 -1.39573661e-06 
-1.00000000e-02 -9.33144757e-07 
-5.00000000e-03 -4.67899212e-07 
-1.62769104e-14 -1.50192366e-18 
-1.80000000e+00 -1.39934787e-05 
-1.79500000e+00 -1.39927697e-05 
-1.79000000e+00 -1.39920604e-05 
-1.78500000e+00 -1.39913511e-05 
-1.78000000e+00 -1.39906416e-05 
-1.77500000e+00 -1.39899319e-05 
-1.77000000e+00 -1.39892220e-05 
-1.76500000e+00 -1.39885120e-05 
-1.76000000e+00 -1.39878018e-05 
-1.75500000e+00 -1.39870915e-05 
-1.75000000e+00 -1.39863810e-05 
-1.74500000e+00 -1.39856703e-05 
-1.74000000e+00 -1.39849595e-05 
-1.73500000e+00 -1.39842484e-05 
-1.73000000e+00 -1.39835372e-05 
-1.72500000e+00 -1.39828258e-05 
-1.72000000e+00 -1.39821142e-05 
-1.71500000e+00 -1.39814025e-05 
-1.71000000e+00 -1.39806905e-05 
-1.70500000e+00 -1.39799784e-05 
-1.70000000e+00 -1.39792660e-05 
-1.69500000e+00 -1.39785535e-05 
-1.69000000e+00 -1.39778408e-05 
-1.68500000e+00 -1.39771278e-05 
-1.68000000e+00 -1.39764147e-05 
-1.67500000e+00 -1.39757014e-05 
-1.67000000e+00 -1.39749878e-05 
-1.66500000e+00 -1.39742741e-05 
-1.66000000e+00 -1.39735601e-05 
-1.65500000e+00 -1.39728459e-05 
-1.65000000e+00 -1.39721315e-05 
-1.64500000e+00 -1.39714169e-05 
-1.64000000e+00 -1.39707020e-05 
-1.63500000e+00 -1.39699869e-05 
-1.63000000e+00 -1.39692716e-05 
-1.62500000e+00 -1.39685560e-05 
-1.62000000e+00 -1.39678403e-05 
-1.61500000e+00 -1.39671242e-05 
-1.61000000e+00 -1.39664079e-05 
-1.60500000e+00 -1.39656914e-05 
-1.60000000e+00 -1.39649746e-05 
-1.59500000e+00 -1.39642576e-05 
-1.59000000e+00 -1.39635403e-05 
-1.58500000e+00 -1.39628228e-05 
-1.58000000e+00 -1.39621049e-05 
-1.57500000e+00 -1.39613868e-05 
-1.57000000e+00 -1.39606685e-05 
-1.56500000e+00 -1.39599498e-05 
-1.56000000e+00 -1.39592309e-05 
-1.55500000e+00 -1.39585117e-05 
-1.55000000e+00 -1.39577922e-05 
-1.54500000e+00 -1.39570724e-05 
-1.54000000e+00 -1.39563523e-05 
-1.53500000e+00 -1.39556319e-05 
-1.53000000e+00 -1.39549112e-05 
-1.52500000e+00 -1.39541902e-05 
-1.52000000e+00 -1.39534689e-05 
-1.51500000e+00 -1.39527472e-05 
-1.51000000e+00 -1.39520252e-05 
-1.50500000e+00 -1.39513029e-05 
-1.50000000e+00 -1.39505803e-05 
-1.49500000e+00 -1.39498573e-05 
-1.49000000e+00 -1.39491339e-05 
-1.48500000e+00 -1.39484103e-05 
-1.48000000e+00 -1.39476862e-05 
-1.47500000e+00 -1.39469618e-05 
-1.47000000e+00 -1.39462370e-05 
-1.46500000e+00 -1.39455119e-05 
-1.46000000e+00 -1.39447864e-05 
-1.45500000e+00 -1.39440605e-05 
-1.45000000e+00 -1.39433342e-05 
-1.44500000e+00 -1.39426075e-05 
-1.44000000e+00 -1.39418803e-05 
-1.43500000e+00 -1.39411528e-05 
-1.43000000e+00 -1.39404249e-05 
-1.42500000e+00 -1.39396965e-05 
-1.42000000e+00 -1.39389677e-05 
-1.41500000e+00 -1.39382385e-05 
-1.41000000e+00 -1.39375088e-05 
-1.40500000e+00 -1.39367787e-05 
-1.40000000e+00 -1.39360481e-05 
-1.39500000e+00 -1.39353170e-05 
-1.39000000e+00 -1.39345855e-05 
-1.38500000e+00 -1.39338535e-05 
-1.38000000e+00 -1.39331210e-05 
-1.37500000e+00 -1.39323879e-05 
-1.37000000e+00 -1.39316544e-05 
-1.36500000e+00 -1.39309204e-05 
-1.36000000e+00 -1.39301858e-05 
-1.35500000e+00 -1.39294507e-05 
-1.35000000e+00 -1.39287150e-05 
-1.34500000e+00 -1.39279788e-05 
-1.34000000e+00 -1.39272420e-05 
-1.33500000e+00 -1.39265046e-05 
-1.33000000e+00 -1.39257667e-05 
-1.32500000e+00 -1.39250281e-05 
-1.32000000e+00 -1.39242890e-05 
-1.31500000e+00 -1.39235492e-05 
-1.31000000e+00 -1.39228087e-05 
-1.30500000e+00 -1.39220677e-05 
-1.30000000e+00 -1.39213260e-05 
-1.29500000e+00 -1.39205836e-05 
-1.29000000e+00 -1.39198405e-05 
-1.28500000e+00 -1.39190967e-05 
-1.28000000e+00 -1.39183522e-05 
-1.27500000e+00 -1.39176070e-05 
-1.27000000e+00 -1.39168611e-05 
-1.26500000e+00 -1.39161144e-05 
-1.26000000e+00 -1.39153669e-05 
-1.25500000e+00 -1.39146187e-05 
-1.25000000e+00 -1.39138697e-05 
-1.24500000e+00 -1.39131198e-05 
-1.24000000e+00 -1.39123691e-05 
-1.23500000e+00 -1.39116176e-05 
-1.23000000e+00 -1.39108652e-05 
-1.22500000e+00 -1.39101119e-05 
-1.22000000e+00 -1.39093577e-05 
-1.21500000e+00 -1.39086026e-05 
-1.21000000e+00 -1.39078465e-05 
-1.20500000e+00 -1.39070895e-05 
-1.20000000e+00 -1.39063315e-05 
-1.19500000e+00 -1.39055725e-05 
-1.19000000e+00 -1.39048125e-05 
-1.18500000e+00 -1.39040514e-05 
-1.18000000e+00 -1.39032892e-05 
-1.17500000e+00 -1.39025260e-05 
-1.17000000e+00 -1.39017616e-05 
-1.16500000e+00 -1.39009960e-05 
-1.16000000e+00 -1.39002293e-05 
-1.15500000e+00 -1.38994614e-05 
-1.15000000e+00 -1.38986923e-05 
-1.14500000e+00 -1.38979219e-05 
-1.14000000e+00 -1.38971502e-05 
-1.13500000e+00 -1.38963771e-05 
-1.13000000e+00 -1.38956028e-05 
-1.12500000e+00 -1.38948270e-05 
-1.12000000e+00 -1.38940498e-05 
-1.11500000e+00 -1.38932712e-05 
-1.11000000e+00 -1.38924910e-05 
-1.10500000e+00 -1.38917093e-05 
-1.10000000e+00 -1.38909261e-05 
-1.09500000e+00 -1.38901412e-05 
-1.09000000e+00 -1.38893547e-05 
-1.08500000e+00 -1.38885665e-05 
-1.08000000e+00 -1.38877765e-05 
-1.07500000e+00 -1.38869848e-05 
-1.07000000e+00 -1.38861912e-05 
-1.06500000e+00 -1.38853957e-05 
-1.06000000e+00 -1.38845983e-05 
-1.05500000e+00 -1.38837989e-05 
-1.05000000e+00 -1.38829974e-05 
-1.04500000e+00 -1.38821938e-05 
-1.04000000e+00 -1.38813881e-05 
-1.03500000e+00 -1.38805801e-05 
-1.03000000e+00 -1.38797698e-05 
-1.02500000e+00 -1.38789571e-05 
-1.02000000e+00 -1.38781420e-05 
-1.01500000e+00 -1.38773245e-05 
-1.01000000e+00 -1.38765043e-05 
-1.00500000e+00 -1.38756814e-05 
-1.00000000e+00 -1.38748558e-05 
-9.95000000e-01 -1.38740274e-05 
-9.90000000e-01 -1.38731960e-05 
-9.85000000e-01 -1.38723616e-05 
-9.80000000e-01 -1.38715241e-05 
-9.75000000e-01 -1.38706834e-05 
-9.70000000e-01 -1.38698394e-05 
-9.65000000e-01 -1.38689919e-05 
-9.60000000e-01 -1.38681409e-05 
-9.55000000e-01 -1.38672862e-05 
-9.50000000e-01 -1.38664277e-05 
-9.45000000e-01 -1.38655653e-05 
-9.40000000e-01 -1.38646989e-05 
-9.35000000e-01 -1.38638282e-05 
-9.30000000e-01 -1.38629531e-05 
-9.25000000e-01 -1.38620735e-05 
-9.20000000e-01 -1.38611893e-05 
-9.15000000e-01 -1.38603001e-05 
-9.10000000e-01 -1.38594060e-05 
-9.05000000e-01 -1.38585066e-05 
-9.00000000e-01 -1.38576017e-05 
-8.95000000e-01 -1.38566912e-05 
-8.90000000e-01 -1.38557748e-05 
-8.85000000e-01 -1.38548523e-05 
-8.80000000e-01 -1.38539235e-05 
-8.75000000e-01 -1.38529881e-05 
-8.70000000e-01 -1.38520457e-05 
-8.65000000e-01 -1.38510962e-05 
-8.60000000e-01 -1.38501392e-05 
-8.55000000e-01 -1.38491744e-05 
-8.50000000e-01 -1.38482014e-05 
-8.45000000e-01 -1.38472200e-05 
-8.40000000e-01 -1.38462297e-05 
-8.35000000e-01 -1.38452301e-05 
-8.30000000e-01 -1.38442208e-05 
-8.25000000e-01 -1.38432013e-05 
-8.20000000e-01 -1.38421712e-05 
-8.15000000e-01 -1.38411300e-05 
-8.10000000e-01 -1.38400771e-05 
-8.05000000e-01 -1.38390120e-05 
-8.00000000e-01 -1.38379341e-05 
-7.95000000e-01 -1.38368426e-05 
-7.90000000e-01 -1.38357370e-05 
-7.85000000e-01 -1.38346166e-05 
-7.80000000e-01 -1.38334804e-05 
-7.75000000e-01 -1.38323277e-05 
-7.70000000e-01 -1.38311577e-05 
-7.65000000e-01 -1.38299694e-05 
-7.60000000e-01 -1.38287617e-05 
-7.55000000e-01 -1.38275336e-05 
-7.50000000e-01 -1.38262839e-05 
-7.45000000e-01 -1.38250115e-05 
-7.40000000e-01 -1.38237149e-05 
-7.35000000e-01 -1.38223928e-05 
-7.30000000e-01 -1.38210436e-05 
-7.25000000e-01 -1.38196657e-05 
-7.20000000e-01 -1.38182574e-05 
-7.15000000e-01 -1.38168166e-05 
-7.10000000e-01 -1.38153415e-05 
-7.05000000e-01 -1.38138297e-05 
-7.00000000e-01 -1.38122788e-05 
-6.95000000e-01 -1.38106864e-05 
-6.90000000e-01 -1.38090497e-05 
-6.85000000e-01 -1.38073655e-05 
-6.80000000e-01 -1.38056307e-05 
-6.75000000e-01 -1.38038417e-05 
-6.70000000e-01 -1.38019947e-05 
-6.65000000e-01 -1.38000856e-05 
-6.60000000e-01 -1.37981097e-05 
-6.55000000e-01 -1.37960622e-05 
-6.50000000e-01 -1.37939377e-05 
-6.45000000e-01 -1.37917304e-05 
-6.40000000e-01 -1.37894340e-05 
-6.35000000e-01 -1.37870414e-05 
-6.30000000e-01 -1.37845452e-05 
-6.25000000e-01 -1.37819371e-05 
-6.20000000e-01 -1.37792081e-05 
-6.15000000e-01 -1.37763482e-05 
-6.10000000e-01 -1.37733467e-05 
-6.05000000e-01 -1.37701917e-05 
-6.00000000e-01 -1.37668704e-05 
-5.95000000e-01 -1.37633686e-05 
-5.90000000e-01 -1.37596708e-05 
-5.85000000e-01 -1.37557601e-05 
-5.80000000e-01 -1.37516178e-05 
-5.75000000e-01 -1.37472237e-05 
-5.70000000e-01 -1.37425556e-05 
-5.65000000e-01 -1.37375892e-05 
-5.60000000e-01 -1.37322979e-05 
-5.55000000e-01 -1.37266530e-05 
-5.50000000e-01 -1.37206228e-05 
-5.45000000e-01 -1.37141733e-05 
-5.40000000e-01 -1.37072671e-05 
-5.35000000e-01 -1.36998640e-05 
-5.30000000e-01 -1.36919204e-05 
-5.25000000e-01 -1.36833896e-05 
-5.20000000e-01 -1.36742211e-05 
-5.15000000e-01 -1.36643608e-05 
-5.10000000e-01 -1.36537513e-05 
-5.05000000e-01 -1.36423314e-05 
-5.00000000e-01 -1.36300364e-05 
-4.95000000e-01 -1.36167981e-05 
-4.90000000e-01 -1.36025453e-05 
-4.85000000e-01 -1.35872037e-05 
-4.80000000e-01 -1.35706962e-05 
-4.75000000e-01 -1.35529437e-05 
-4.70000000e-01 -1.35338651e-05 
-4.65000000e-01 -1.35133779e-05 
-4.60000000e-01 -1.34913988e-05 
-4.55000000e-01 -1.34678443e-05 
-4.50000000e-01 -1.34426309e-05 
-4.45000000e-01 -1.34156761e-05 
-4.40000000e-01 -1.33868987e-05 
-4.35000000e-01 -1.33562191e-05 
-4.30000000e-01 -1.33235602e-05 
-4.25000000e-01 -1.32888472e-05 
-4.20000000e-01 -1.32520085e-05 
-4.15000000e-01 -1.32129757e-05 
-4.10000000e-01 -1.31716836e-05 
-4.05000000e-01 -1.31280707e-05 
-4.00000000e-01 -1.30820790e-05 
-3.95000000e-01 -1.30336542e-05 
-3.90000000e-01 -1.29827454e-05 
-3.85000000e-01 -1.29293054e-05 
-3.80000000e-01 -1.28732903e-05 
-3.75000000e-01 -1.28146596e-05 
-3.70000000e-01 -1.27533757e-05 
-3.65000000e-01 -1.26894042e-05 
-3.60000000e-01 -1.26227133e-05 
-3.55000000e-01 -1.25532739e-05 
-3.50000000e-01 -1.24810592e-05 
-3.45000000e-01 -1.24060449e-05 
-3.40000000e-01 -1.23282086e-05 
-3.35000000e-01 -1.22475297e-05 
-3.30000000e-01 -1.21639898e-05 
-3.25000000e-01 -1.20775716e-05 
-3.20000000e-01 -1.19882597e-05 
-3.15000000e-01 -1.18960398e-05 
-3.10000000e-01 -1.18008989e-05 
-3.05000000e-01 -1.17028253e-05 
-3.00000000e-01 -1.16018080e-05 
-2.95000000e-01 -1.14978373e-05 
-2.90000000e-01 -1.13909040e-05 
-2.85000000e-01 -1.12810000e-05 
-2.80000000e-01 -1.11681177e-05 
-2.75000000e-01 -1.10522501e-05 
-2.70000000e-01 -1.09333909e-05 
-2.65000000e-01 -1.08115345e-05 
-2.60000000e-01 -1.06866753e-05 
-2.55000000e-01 -1.05588086e-05 
-2.50000000e-01 -1.04279299e-05 
-2.45000000e-01 -1.02940351e-05 
-2.40000000e-01 -1.01571203e-05 
-2.35000000e-01 -1.00171822e-05 
-2.30000000e-01 -9.87421752e-06 
-2.25000000e-01 -9.72822329e-06 
-2.20000000e-01 -9.57919681e-06 
-2.15000000e-01 -9.42713557e-06 
-2.10000000e-01 -9.27203725e-06 
-2.05000000e-01 -9.11389972e-06 
-2.00000000e-01 -8.95272100e-06 
-1.95000000e-01 -8.78849925e-06 
-1.90000000e-01 -8.62123279e-06 
-1.85000000e-01 -8.45092003e-06 
-1.80000000e-01 -8.27755954e-06 
-1.75000000e-01 -8.10114995e-06 
-1.70000000e-01 -7.92169002e-06 
-1.65000000e-01 -7.73917859e-06 
-1.60000000e-01 -7.55361456e-06 
-1.55000000e-01 -7.36499695e-06 
-1.50000000e-01 -7.17332480e-06 
-1.45000000e-01 -6.97859726e-06 
-1.40000000e-01 -6.78081352e-06 
-1.35000000e-01 -6.57997282e-06 
-1.30000000e-01 -6.37607445e-06 
-1.25000000e-01 -6.16911777e-06 
-1.20000000e-01 -5.95910216e-06 
-1.15000000e-01 -5.74602705e-06 
-1.10000000e-01 -5.52989191e-06 
-1.05000000e-01 -5.31069625e-06 
-1.00000000e-01 -5.08843960e-06 
-9.50000000e-02 -4.86312153e-06 
-9.00000000e-02 -4.63474163e-06 
-8.50000000e-02 -4.40329953e-06 
-8.00000000e-02 -4.16879488e-06 
-7.50000000e-02 -3.93122734e-06 
-7.00000000e-02 -3.69059661e-06 
-6.50000000e-02 -3.44690240e-06 
-6.00000000e-02 -3.20014444e-06 
-5.50000000e-02 -2.95032249e-06 
-5.00000000e-02 -2.69743630e-06 
-4.50000000e-02 -2.44148566e-06 
-4.00000000e-02 -2.18247036e-06 
-3.50000000e-02 -1.92039022e-06 
-3.00000000e-02 -1.65524505e-06 
-2.50000000e-02 -1.38703469e-06 
-2.00000000e-02 -1.11575899e-06 
-1.50000000e-02 -8.41417795e-07 
-1.00000000e-02 -5.64010981e-07 
-5.00000000e-03 -2.83538422e-07 
-1.62769104e-14 -8.98714854e-19 
