 0.00000000e+00  0.00000000e+00 
 1.00000000e-10  5.71199146e-05 
 2.00000000e-10  1.14239859e-04 
 4.00000000e-10  2.28479693e-04 
 8.00000000e-10  4.56958721e-04 
 1.60000000e-09  9.13909167e-04 
 3.20000000e-09  1.82773921e-03 
 6.40000000e-09  3.65479269e-03 
 1.28000000e-08  7.30388881e-03 
 2.28000000e-08  1.29801772e-02 
 3.28000000e-08  1.86057576e-02 
 4.28000000e-08  2.41584286e-02 
 5.28000000e-08  2.96162762e-02 
 6.28000000e-08  3.49577607e-02 
 7.28000000e-08  4.01618019e-02 
 8.28000000e-08  4.52078617e-02 
 9.28000000e-08  5.00760256e-02 
 1.02800000e-07  5.47470812e-02 
 1.12800000e-07  5.92025939e-02 
 1.22800000e-07  6.34249799e-02 
 1.32800000e-07  6.73975754e-02 
 1.42800000e-07  7.11047023e-02 
 1.52800000e-07  7.45317303e-02 
 1.62800000e-07  7.76651345e-02 
 1.72800000e-07  8.04925487e-02 
 1.82800000e-07  8.30028145e-02 
 1.92800000e-07  8.51860249e-02 
 2.02800000e-07  8.70335638e-02 
 2.12800000e-07  8.85381399e-02 
 2.22800000e-07  8.96938152e-02 
 2.32800000e-07  9.04960288e-02 
 2.42800000e-07  9.09416147e-02 
 2.52800000e-07  9.10288144e-02 
 2.62800000e-07  9.07572839e-02 
 2.72800000e-07  9.01280946e-02 
 2.82800000e-07  8.91437296e-02 
 2.92800000e-07  8.78080739e-02 
 3.02800000e-07  8.61263987e-02 
 3.12800000e-07  8.41053406e-02 
 3.22800000e-07  8.17528761e-02 
 3.32800000e-07  7.90782890e-02 
 3.42800000e-07  7.60921348e-02 
 3.52800000e-07  7.28061985e-02 
 3.62800000e-07  6.92334482e-02 
 3.72800000e-07  6.53879838e-02 
 3.82800000e-07  6.12849817e-02 
 3.92800000e-07  5.69406345e-02 
 4.02800000e-07  5.23720874e-02 
 4.12800000e-07  4.75973703e-02 
 4.22800000e-07  4.26353269e-02 
 4.32800000e-07  3.75055401e-02 
 4.42800000e-07  3.22282547e-02 
 4.52800000e-07  2.68242979e-02 
 4.62800000e-07  2.13149965e-02 
 4.72800000e-07  1.57220934e-02 
 4.82800000e-07  1.00676609e-02 
 4.92800000e-07  4.37401478e-03 
 5.02800000e-07 -1.33637492e-03 
 5.12800000e-07 -7.04097187e-03 
 5.22800000e-07 -1.27172626e-02 
 5.32800000e-07 -1.83428455e-02 
 5.42800000e-07 -2.38955188e-02 
 5.52800000e-07 -2.93533688e-02 
 5.62800000e-07 -3.46948558e-02 
 5.72800000e-07 -3.98988993e-02 
 5.82800000e-07 -4.49449615e-02 
 5.92800000e-07 -4.98131278e-02 
 6.02800000e-07 -5.44841857e-02 
 6.12800000e-07 -5.89397009e-02 
 6.22800000e-07 -6.31620893e-02 
 6.32800000e-07 -6.71346872e-02 
 6.42800000e-07 -7.08418165e-02 
 6.52800000e-07 -7.42688469e-02 
 6.62800000e-07 -7.74022534e-02 
 6.72800000e-07 -8.02296700e-02 
 6.82800000e-07 -8.27399382e-02 
 6.92800000e-07 -8.49231510e-02 
 7.02800000e-07 -8.67706923e-02 
 7.12800000e-07 -8.82752707e-02 
 7.22800000e-07 -8.94309484e-02 
 7.32800000e-07 -9.02331644e-02 
 7.42800000e-07 -9.06787527e-02 
 7.52800000e-07 -9.07659549e-02 
 7.62800000e-07 -9.04944267e-02 
 7.72800000e-07 -8.98652397e-02 
 7.82800000e-07 -8.88808772e-02 
 7.92800000e-07 -8.75452239e-02 
 8.02800000e-07 -8.58635510e-02 
 8.12800000e-07 -8.38424954e-02 
 8.22800000e-07 -8.14900332e-02 
 8.32800000e-07 -7.88154485e-02 
 8.42800000e-07 -7.58292967e-02 
 8.52800000e-07 -7.25433628e-02 
 8.62800000e-07 -6.89706149e-02 
 8.72800000e-07 -6.51251529e-02 
 8.82800000e-07 -6.10221532e-02 
 8.92800000e-07 -5.66778084e-02 
 9.02800000e-07 -5.21092637e-02 
 9.12800000e-07 -4.73345490e-02 
 9.22800000e-07 -4.23725079e-02 
 9.32800000e-07 -3.72427235e-02 
 9.42800000e-07 -3.19654405e-02 
 9.52800000e-07 -2.65614861e-02 
 9.62800000e-07 -2.10521871e-02 
 9.72800000e-07 -1.54592863e-02 
 9.82800000e-07 -9.80485632e-03 
 9.92800000e-07 -4.11121254e-03 
 1.00280000e-06  1.59917477e-03 
 1.01280000e-06  7.30376933e-03 
 1.02280000e-06  1.29800577e-02 
 1.03280000e-06  1.86056382e-02 
 1.04280000e-06  2.41583091e-02 
 1.05280000e-06  2.96161567e-02 
 1.06280000e-06  3.49576413e-02 
 1.07280000e-06  4.01616824e-02 
 1.08280000e-06  4.52077422e-02 
 1.09280000e-06  5.00759061e-02 
 1.10280000e-06  5.47469617e-02 
 1.11280000e-06  5.92024744e-02 
 1.12280000e-06  6.34248605e-02 
 1.13280000e-06  6.73974560e-02 
 1.14280000e-06  7.11045829e-02 
 1.15280000e-06  7.45316109e-02 
 1.16280000e-06  7.76650150e-02 
 1.17280000e-06  8.04924293e-02 
 1.18280000e-06  8.30026950e-02 
 1.19280000e-06  8.51859054e-02 
 1.20280000e-06  8.70334444e-02 
 1.21280000e-06  8.85380204e-02 
 1.22280000e-06  8.96936957e-02 
 1.23280000e-06  9.04959093e-02 
 1.24280000e-06  9.09414952e-02 
 1.25280000e-06  9.10286950e-02 
 1.26280000e-06  9.07571644e-02 
 1.27280000e-06  9.01279751e-02 
 1.28280000e-06  8.91436102e-02 
 1.29280000e-06  8.78079545e-02 
 1.30280000e-06  8.61262792e-02 
 1.31280000e-06  8.41052212e-02 
 1.32280000e-06  8.17527566e-02 
 1.33280000e-06  7.90781695e-02 
 1.34280000e-06  7.60920154e-02 
 1.35280000e-06  7.28060791e-02 
 1.36280000e-06  6.92333287e-02 
 1.37280000e-06  6.53878644e-02 
 1.38280000e-06  6.12848623e-02 
 1.39280000e-06  5.69405151e-02 
 1.40280000e-06  5.23719680e-02 
 1.41280000e-06  4.75972509e-02 
 1.42280000e-06  4.26352075e-02 
 1.43280000e-06  3.75054206e-02 
 1.44280000e-06  3.22281353e-02 
 1.45280000e-06  2.68241785e-02 
 1.46280000e-06  2.13148771e-02 
 1.47280000e-06  1.57219739e-02 
 1.48280000e-06  1.00675415e-02 
 1.49280000e-06  4.37389536e-03 
 1.50280000e-06 -1.33649435e-03 
 1.51280000e-06 -7.04109129e-03 
 1.52280000e-06 -1.27173821e-02 
 1.53280000e-06 -1.83429649e-02 
 1.54280000e-06 -2.38956382e-02 
 1.55280000e-06 -2.93534882e-02 
 1.56280000e-06 -3.46949752e-02 
 1.57280000e-06 -3.98990187e-02 
 1.58280000e-06 -4.49450809e-02 
 1.59280000e-06 -4.98132472e-02 
 1.60280000e-06 -5.44843051e-02 
 1.61280000e-06 -5.89398203e-02 
 1.62280000e-06 -6.31622087e-02 
 1.63280000e-06 -6.71348066e-02 
 1.64280000e-06 -7.08419359e-02 
 1.65280000e-06 -7.42689663e-02 
 1.66280000e-06 -7.74023728e-02 
 1.67280000e-06 -8.02297894e-02 
 1.68280000e-06 -8.27400576e-02 
 1.69280000e-06 -8.49232704e-02 
 1.70280000e-06 -8.67708117e-02 
 1.71280000e-06 -8.82753901e-02 
 1.72280000e-06 -8.94310678e-02 
 1.73280000e-06 -9.02332838e-02 
 1.74280000e-06 -9.06788721e-02 
 1.75280000e-06 -9.07660743e-02 
 1.76280000e-06 -9.04945461e-02 
 1.77280000e-06 -8.98653591e-02 
 1.78280000e-06 -8.88809966e-02 
 1.79280000e-06 -8.75453433e-02 
 1.80280000e-06 -8.58636704e-02 
 1.81280000e-06 -8.38426148e-02 
 1.82280000e-06 -8.14901526e-02 
 1.83280000e-06 -7.88155679e-02 
 1.84280000e-06 -7.58294161e-02 
 1.85280000e-06 -7.25434822e-02 
 1.86280000e-06 -6.89707343e-02 
 1.87280000e-06 -6.51252723e-02 
 1.88280000e-06 -6.10222726e-02 
 1.89280000e-06 -5.66779278e-02 
 1.90280000e-06 -5.21093830e-02 
 1.91280000e-06 -4.73346684e-02 
 1.92280000e-06 -4.23726273e-02 
 1.93280000e-06 -3.72428429e-02 
 1.94280000e-06 -3.19655599e-02 
 1.95280000e-06 -2.65616055e-02 
 1.96280000e-06 -2.10523065e-02 
 1.97280000e-06 -1.54594057e-02 
 1.98280000e-06 -9.80497569e-03 
 1.99280000e-06 -4.11133192e-03 
 2.00000000e-06 -2.38730124e-07 
