1.260614003011776181e-17
-4.921634724125898384e-03
-6.398139255912197419e-03
-3.366547861826966678e-03
1.967693116963533002e-03
5.774933617614985519e-03
5.428424780967841881e-03
1.375650154673819722e-03
-3.322220183662145682e-03
-5.354305908664407782e-03
-3.570815446472027071e-03
3.679913562536817951e-04
3.473230192010383615e-03
3.753507386174937625e-03
1.540405243650972344e-03
-1.107389255194561953e-03
-2.248792133672588515e-03
-1.541391137164637749e-03
-1.918186986044731381e-04
4.043361815626623514e-04
-1.967844468090546993e-18
-4.145725405895650702e-04
2.016555549431714868e-04
1.661499537463189931e-03
2.485507095111807400e-03
1.255041155887155323e-03
-1.790200688567366574e-03
-4.473358117770147996e-03
-4.245059123568232715e-03
-4.612849395292319306e-04
4.591048431178314758e-03
7.061475908528421983e-03
4.494768483778121410e-03
-1.909484543054748009e-03
-7.731392869863312582e-03
-8.440287594975755606e-03
-2.951539675445250498e-03
5.183414961860673478e-03
1.011318785611928749e-02
7.987571109646911943e-03
-2.617161827266138863e-18
-8.258336232007827682e-03
-1.081064908757577679e-02
-5.729037589424884093e-03
3.373188200508863040e-03
9.974885339516802868e-03
9.449480174277378672e-03
2.413876686503095385e-03
-5.877774171094527107e-03
-9.553761523303162112e-03
-6.427467803649635630e-03
6.683924633995029811e-04
6.367588685352380297e-03
6.947981757387663646e-03
2.879888064217023345e-03
-2.091735259811960089e-03
-4.293148618829481684e-03
-2.975243357782909014e-03
-3.745031734658879098e-04
7.988105050384293210e-04
-1.967844468090546993e-18
-8.397751463224511874e-04
4.139245601465154647e-04
3.457715253639605940e-03
5.247181645236032206e-03
2.689373905472527363e-03
-3.896319145705433480e-03
-9.895610381733956074e-03
-9.551383028028555267e-03
-1.056491313115307234e-03
1.071244633941605129e-02
1.680144267891246074e-02
1.091586631774694137e-02
-4.738350532765388777e-03
-1.962584343888381863e-02
-2.194474774693697811e-02
-7.870772467854034865e-03
1.419804967814007439e-02
2.850080213997252185e-02
2.320199227087908420e-02
-7.873367111418563068e-17
-2.564430724676112355e-02
-3.483431372663307185e-02
-1.920912603513058592e-02
1.180615870178109914e-02
3.657457957822829453e-02
3.644799495792706151e-02
9.841189568051134096e-03
-2.547035474140951078e-02
-4.429471251713285040e-02
-3.213733901824810529e-02
3.639025634063980299e-03
3.820553211211424882e-02
4.665073465674579589e-02
2.207914182566402331e-02
-1.882561733830774575e-02
-4.722463480712432021e-02
-4.264515479488840272e-02
-7.864566642783765368e-03
3.275123070657551261e-02
5.048121408282649908e-02
3.275123070657551261e-02
-7.864566642783765368e-03
-4.264515479488840272e-02
-4.722463480712432021e-02
-1.882561733830774575e-02
2.207914182566402331e-02
4.665073465674579589e-02
3.820553211211424882e-02
3.639025634063980299e-03
-3.213733901824810529e-02
-4.429471251713285040e-02
-2.547035474140951078e-02
9.841189568051134096e-03
3.644799495792706151e-02
3.657457957822829453e-02
1.180615870178109914e-02
-1.920912603513058592e-02
-3.483431372663307185e-02
-2.564430724676112355e-02
-7.873367111418563068e-17
2.320199227087908420e-02
2.850080213997252185e-02
1.419804967814007439e-02
-7.870772467854034865e-03
-2.194474774693697811e-02
-1.962584343888381863e-02
-4.738350532765388777e-03
1.091586631774694137e-02
1.680144267891246074e-02
1.071244633941605129e-02
-1.056491313115307234e-03
-9.551383028028555267e-03
-9.895610381733956074e-03
-3.896319145705433480e-03
2.689373905472527363e-03
5.247181645236032206e-03
3.457715253639605940e-03
4.139245601465154647e-04
-8.397751463224511874e-04
-1.967844468090546993e-18
7.988105050384293210e-04
-3.745031734658879098e-04
-2.975243357782909014e-03
-4.293148618829481684e-03
-2.091735259811960089e-03
2.879888064217023345e-03
6.947981757387663646e-03
6.367588685352380297e-03
6.683924633995029811e-04
-6.427467803649635630e-03
-9.553761523303162112e-03
-5.877774171094527107e-03
2.413876686503095385e-03
9.449480174277378672e-03
9.974885339516802868e-03
3.373188200508863040e-03
-5.729037589424884093e-03
-1.081064908757577679e-02
-8.258336232007827682e-03
-2.617161827266138863e-18
7.987571109646911943e-03
1.011318785611928749e-02
5.183414961860673478e-03
-2.951539675445250498e-03
-8.440287594975755606e-03
-7.731392869863312582e-03
-1.909484543054748009e-03
4.494768483778121410e-03
7.061475908528421983e-03
4.591048431178314758e-03
-4.612849395292319306e-04
-4.245059123568232715e-03
-4.473358117770147996e-03
-1.790200688567366574e-03
1.255041155887155323e-03
2.485507095111807400e-03
1.661499537463189931e-03
2.016555549431714868e-04
-4.145725405895650702e-04
-1.967844468090546993e-18
4.043361815626623514e-04
-1.918186986044731381e-04
-1.541391137164637749e-03
-2.248792133672588515e-03
-1.107389255194561953e-03
1.540405243650972344e-03
3.753507386174937625e-03
3.473230192010383615e-03
3.679913562536817951e-04
-3.570815446472027071e-03
-5.354305908664407782e-03
-3.322220183662145682e-03
1.375650154673819722e-03
5.428424780967841881e-03
5.774933617614985519e-03
1.967693116963533002e-03
-3.366547861826966678e-03
-6.398139255912197419e-03
-4.921634724125898384e-03
