 6.00058937e-06  2.50000000e+00 
 6.01000000e-06  2.50000000e+00 
 6.01100000e-06  2.25000000e+00 
 6.01300000e-06  1.75000000e+00 
 6.01700000e-06  7.50000000e-01 
 6.02000000e-06  0.00000000e+00 
 6.02038763e-06  0.00000000e+00 
 6.02116288e-06  0.00000000e+00 
 6.02271338e-06  0.00000000e+00 
 6.02581438e-06  0.00000000e+00 
 6.03201639e-06  0.00000000e+00 
 6.04201639e-06  0.00000000e+00 
 6.05201639e-06  0.00000000e+00 
 6.06201639e-06  0.00000000e+00 
 6.07201639e-06  0.00000000e+00 
 6.08201639e-06  0.00000000e+00 
 6.09201639e-06  0.00000000e+00 
 6.10201639e-06  0.00000000e+00 
 6.11201639e-06  0.00000000e+00 
 6.12201639e-06  0.00000000e+00 
 6.13201639e-06  0.00000000e+00 
 6.14201639e-06  0.00000000e+00 
 6.15201639e-06  0.00000000e+00 
 6.16201639e-06  0.00000000e+00 
 6.17201639e-06  0.00000000e+00 
 6.18201639e-06  0.00000000e+00 
 6.19201639e-06  0.00000000e+00 
 6.20201639e-06  0.00000000e+00 
 6.21201639e-06  0.00000000e+00 
 6.22201639e-06  0.00000000e+00 
 6.23201639e-06  0.00000000e+00 
 6.24201639e-06  0.00000000e+00 
 6.25201639e-06  0.00000000e+00 
 6.26201639e-06  0.00000000e+00 
 6.27201639e-06  0.00000000e+00 
 6.28201639e-06  0.00000000e+00 
 6.29201639e-06  0.00000000e+00 
 6.30201639e-06  0.00000000e+00 
 6.31201639e-06  0.00000000e+00 
 6.32201639e-06  0.00000000e+00 
 6.33201639e-06  0.00000000e+00 
 6.34201639e-06  0.00000000e+00 
 6.35201639e-06  0.00000000e+00 
 6.36201639e-06  0.00000000e+00 
 6.37201639e-06  0.00000000e+00 
 6.38201639e-06  0.00000000e+00 
 6.39201639e-06  0.00000000e+00 
 6.40201639e-06  0.00000000e+00 
 6.41201639e-06  0.00000000e+00 
 6.42201639e-06  0.00000000e+00 
 6.43201639e-06  0.00000000e+00 
 6.44201639e-06  0.00000000e+00 
 6.45201639e-06  0.00000000e+00 
 6.46201639e-06  0.00000000e+00 
 6.47201639e-06  0.00000000e+00 
 6.48201639e-06  0.00000000e+00 
 6.49201639e-06  0.00000000e+00 
 6.50201639e-06  0.00000000e+00 
 6.51201639e-06  0.00000000e+00 
 6.52201639e-06  0.00000000e+00 
 6.53201639e-06  0.00000000e+00 
 6.54201639e-06  0.00000000e+00 
 6.55201639e-06  0.00000000e+00 
 6.56201639e-06  0.00000000e+00 
 6.57201639e-06  0.00000000e+00 
 6.58201639e-06  0.00000000e+00 
 6.59201639e-06  0.00000000e+00 
 6.60201639e-06  0.00000000e+00 
 6.61201639e-06  0.00000000e+00 
 6.62201639e-06  0.00000000e+00 
 6.63201639e-06  0.00000000e+00 
 6.64201639e-06  0.00000000e+00 
 6.65201639e-06  0.00000000e+00 
 6.66201639e-06  0.00000000e+00 
 6.67201639e-06  0.00000000e+00 
 6.68201639e-06  0.00000000e+00 
 6.69201639e-06  0.00000000e+00 
 6.70201639e-06  0.00000000e+00 
 6.71201639e-06  0.00000000e+00 
 6.72201639e-06  0.00000000e+00 
 6.73201639e-06  0.00000000e+00 
 6.74201639e-06  0.00000000e+00 
 6.75201639e-06  0.00000000e+00 
 6.76201639e-06  0.00000000e+00 
 6.77201639e-06  0.00000000e+00 
 6.78201639e-06  0.00000000e+00 
 6.79201639e-06  0.00000000e+00 
 6.80201639e-06  0.00000000e+00 
 6.81201639e-06  0.00000000e+00 
 6.82201639e-06  0.00000000e+00 
 6.83201639e-06  0.00000000e+00 
 6.84201639e-06  0.00000000e+00 
 6.85201639e-06  0.00000000e+00 
 6.86201639e-06  0.00000000e+00 
 6.87201639e-06  0.00000000e+00 
 6.88201639e-06  0.00000000e+00 
 6.89201639e-06  0.00000000e+00 
 6.90201639e-06  0.00000000e+00 
 6.91201639e-06  0.00000000e+00 
 6.92201639e-06  0.00000000e+00 
 6.93201639e-06  0.00000000e+00 
 6.94201639e-06  0.00000000e+00 
 6.95201639e-06  0.00000000e+00 
 6.96201639e-06  0.00000000e+00 
 6.97201639e-06  0.00000000e+00 
 6.98201639e-06  0.00000000e+00 
 6.99201639e-06  0.00000000e+00 
 7.00201639e-06  0.00000000e+00 
 7.01201639e-06  0.00000000e+00 
 7.02201639e-06  0.00000000e+00 
 7.03201639e-06  0.00000000e+00 
 7.04201639e-06  0.00000000e+00 
 7.05201639e-06  0.00000000e+00 
 7.06201639e-06  0.00000000e+00 
 7.07201639e-06  0.00000000e+00 
 7.08201639e-06  0.00000000e+00 
 7.09201639e-06  0.00000000e+00 
 7.10201639e-06  0.00000000e+00 
 7.11201639e-06  0.00000000e+00 
 7.12201639e-06  0.00000000e+00 
 7.13201639e-06  0.00000000e+00 
 7.14201639e-06  0.00000000e+00 
 7.15201639e-06  0.00000000e+00 
 7.16201639e-06  0.00000000e+00 
 7.17201639e-06  0.00000000e+00 
 7.18201639e-06  0.00000000e+00 
 7.19201639e-06  0.00000000e+00 
 7.20201639e-06  0.00000000e+00 
 7.21201639e-06  0.00000000e+00 
 7.22201639e-06  0.00000000e+00 
 7.23201639e-06  0.00000000e+00 
 7.24201639e-06  0.00000000e+00 
 7.25201639e-06  0.00000000e+00 
 7.26201639e-06  0.00000000e+00 
 7.27201639e-06  0.00000000e+00 
 7.28201639e-06  0.00000000e+00 
 7.29201639e-06  0.00000000e+00 
 7.30201639e-06  0.00000000e+00 
 7.31201639e-06  0.00000000e+00 
 7.32201639e-06  0.00000000e+00 
 7.33201639e-06  0.00000000e+00 
 7.34201639e-06  0.00000000e+00 
 7.35201639e-06  0.00000000e+00 
 7.36201639e-06  0.00000000e+00 
 7.37201639e-06  0.00000000e+00 
 7.38201639e-06  0.00000000e+00 
 7.39201639e-06  0.00000000e+00 
 7.40201639e-06  0.00000000e+00 
 7.41201639e-06  0.00000000e+00 
 7.42201639e-06  0.00000000e+00 
 7.43201639e-06  0.00000000e+00 
 7.44201639e-06  0.00000000e+00 
 7.45201639e-06  0.00000000e+00 
 7.46201639e-06  0.00000000e+00 
 7.47201639e-06  0.00000000e+00 
 7.48201639e-06  0.00000000e+00 
 7.49201639e-06  0.00000000e+00 
 7.50201639e-06  0.00000000e+00 
 7.51201639e-06  0.00000000e+00 
 7.52201639e-06  0.00000000e+00 
 7.53201639e-06  0.00000000e+00 
 7.54201639e-06  0.00000000e+00 
 7.55201639e-06  0.00000000e+00 
 7.56201639e-06  0.00000000e+00 
 7.57201639e-06  0.00000000e+00 
 7.58201639e-06  0.00000000e+00 
 7.59201639e-06  0.00000000e+00 
 7.60201639e-06  0.00000000e+00 
 7.61201639e-06  0.00000000e+00 
 7.62201639e-06  0.00000000e+00 
 7.63201639e-06  0.00000000e+00 
 7.64201639e-06  0.00000000e+00 
 7.65201639e-06  0.00000000e+00 
 7.66201639e-06  0.00000000e+00 
 7.67201639e-06  0.00000000e+00 
 7.68201639e-06  0.00000000e+00 
 7.69201639e-06  0.00000000e+00 
 7.70201639e-06  0.00000000e+00 
 7.71201639e-06  0.00000000e+00 
 7.72201639e-06  0.00000000e+00 
 7.73201639e-06  0.00000000e+00 
 7.74201639e-06  0.00000000e+00 
 7.75201639e-06  0.00000000e+00 
 7.76201639e-06  0.00000000e+00 
 7.77201639e-06  0.00000000e+00 
 7.78201639e-06  0.00000000e+00 
 7.79201639e-06  0.00000000e+00 
 7.80201639e-06  0.00000000e+00 
 7.81201639e-06  0.00000000e+00 
 7.82201639e-06  0.00000000e+00 
 7.83201639e-06  0.00000000e+00 
 7.84201639e-06  0.00000000e+00 
 7.85201639e-06  0.00000000e+00 
 7.86201639e-06  0.00000000e+00 
 7.87201639e-06  0.00000000e+00 
 7.88201639e-06  0.00000000e+00 
 7.89201639e-06  0.00000000e+00 
 7.90201639e-06  0.00000000e+00 
 7.91201639e-06  0.00000000e+00 
 7.92201639e-06  0.00000000e+00 
 7.93201639e-06  0.00000000e+00 
 7.94201639e-06  0.00000000e+00 
 7.95201639e-06  0.00000000e+00 
 7.96201639e-06  0.00000000e+00 
 7.97201639e-06  0.00000000e+00 
 7.98201639e-06  0.00000000e+00 
 7.99201639e-06  0.00000000e+00 
 8.00000000e-06  0.00000000e+00 
 8.00100000e-06  2.50000000e-01 
 8.00300000e-06  7.50000000e-01 
 8.00700000e-06  1.75000000e+00 
 8.01000000e-06  2.50000000e+00 
 8.01074238e-06  2.50000000e+00 
 8.01222714e-06  2.50000000e+00 
 8.01519666e-06  2.50000000e+00 
 8.02113570e-06  2.50000000e+00 
 8.02650378e-06  2.50000000e+00 
 8.02784847e-06  2.50000000e+00 
 8.02980849e-06  2.50000000e+00 
 8.03202980e-06  2.50000000e+00 
 8.03647243e-06  2.50000000e+00 
 8.04186770e-06  2.50000000e+00 
 8.05058937e-06  2.50000000e+00 
 8.06058937e-06  2.50000000e+00 
 8.07058937e-06  2.50000000e+00 
 8.08058937e-06  2.50000000e+00 
 8.09058937e-06  2.50000000e+00 
 8.10058937e-06  2.50000000e+00 
 8.11058937e-06  2.50000000e+00 
 8.12058937e-06  2.50000000e+00 
 8.13058937e-06  2.50000000e+00 
 8.14058937e-06  2.50000000e+00 
 8.15058937e-06  2.50000000e+00 
 8.16058937e-06  2.50000000e+00 
 8.17058937e-06  2.50000000e+00 
 8.18058937e-06  2.50000000e+00 
 8.19058937e-06  2.50000000e+00 
 8.20058937e-06  2.50000000e+00 
 8.21058937e-06  2.50000000e+00 
 8.22058937e-06  2.50000000e+00 
 8.23058937e-06  2.50000000e+00 
 8.24058937e-06  2.50000000e+00 
 8.25058937e-06  2.50000000e+00 
 8.26058937e-06  2.50000000e+00 
 8.27058937e-06  2.50000000e+00 
 8.28058937e-06  2.50000000e+00 
 8.29058937e-06  2.50000000e+00 
 8.30058937e-06  2.50000000e+00 
 8.31058937e-06  2.50000000e+00 
 8.32058937e-06  2.50000000e+00 
 8.33058937e-06  2.50000000e+00 
 8.34058937e-06  2.50000000e+00 
 8.35058937e-06  2.50000000e+00 
 8.36058937e-06  2.50000000e+00 
 8.37058937e-06  2.50000000e+00 
 8.38058937e-06  2.50000000e+00 
 8.39058937e-06  2.50000000e+00 
 8.40058937e-06  2.50000000e+00 
 8.41058937e-06  2.50000000e+00 
 8.42058937e-06  2.50000000e+00 
 8.43058937e-06  2.50000000e+00 
 8.44058937e-06  2.50000000e+00 
 8.45058937e-06  2.50000000e+00 
 8.46058937e-06  2.50000000e+00 
 8.47058937e-06  2.50000000e+00 
 8.48058937e-06  2.50000000e+00 
 8.49058937e-06  2.50000000e+00 
 8.50058937e-06  2.50000000e+00 
 8.51058937e-06  2.50000000e+00 
 8.52058937e-06  2.50000000e+00 
 8.53058937e-06  2.50000000e+00 
 8.54058937e-06  2.50000000e+00 
 8.55058937e-06  2.50000000e+00 
 8.56058937e-06  2.50000000e+00 
 8.57058937e-06  2.50000000e+00 
 8.58058937e-06  2.50000000e+00 
 8.59058937e-06  2.50000000e+00 
 8.60058937e-06  2.50000000e+00 
 8.61058937e-06  2.50000000e+00 
 8.62058937e-06  2.50000000e+00 
 8.63058937e-06  2.50000000e+00 
 8.64058937e-06  2.50000000e+00 
 8.65058937e-06  2.50000000e+00 
 8.66058937e-06  2.50000000e+00 
 8.67058937e-06  2.50000000e+00 
 8.68058937e-06  2.50000000e+00 
 8.69058937e-06  2.50000000e+00 
 8.70058937e-06  2.50000000e+00 
 8.71058937e-06  2.50000000e+00 
 8.72058937e-06  2.50000000e+00 
 8.73058937e-06  2.50000000e+00 
 8.74058937e-06  2.50000000e+00 
 8.75058937e-06  2.50000000e+00 
 8.76058937e-06  2.50000000e+00 
 8.77058937e-06  2.50000000e+00 
 8.78058937e-06  2.50000000e+00 
 8.79058937e-06  2.50000000e+00 
 8.80058937e-06  2.50000000e+00 
 8.81058937e-06  2.50000000e+00 
 8.82058937e-06  2.50000000e+00 
 8.83058937e-06  2.50000000e+00 
 8.84058937e-06  2.50000000e+00 
 8.85058937e-06  2.50000000e+00 
 8.86058937e-06  2.50000000e+00 
 8.87058937e-06  2.50000000e+00 
 8.88058937e-06  2.50000000e+00 
 8.89058937e-06  2.50000000e+00 
 8.90058937e-06  2.50000000e+00 
 8.91058937e-06  2.50000000e+00 
 8.92058937e-06  2.50000000e+00 
 8.93058937e-06  2.50000000e+00 
 8.94058937e-06  2.50000000e+00 
 8.95058937e-06  2.50000000e+00 
 8.96058937e-06  2.50000000e+00 
 8.97058937e-06  2.50000000e+00 
 8.98058937e-06  2.50000000e+00 
 8.99058937e-06  2.50000000e+00 
 9.00058937e-06  2.50000000e+00 
 9.01058937e-06  2.50000000e+00 
 9.02058937e-06  2.50000000e+00 
 9.03058937e-06  2.50000000e+00 
 9.04058937e-06  2.50000000e+00 
 9.05058937e-06  2.50000000e+00 
 9.06058937e-06  2.50000000e+00 
 9.07058937e-06  2.50000000e+00 
 9.08058937e-06  2.50000000e+00 
 9.09058937e-06  2.50000000e+00 
 9.10058937e-06  2.50000000e+00 
 9.11058937e-06  2.50000000e+00 
 9.12058937e-06  2.50000000e+00 
 9.13058937e-06  2.50000000e+00 
 9.14058937e-06  2.50000000e+00 
 9.15058937e-06  2.50000000e+00 
 9.16058937e-06  2.50000000e+00 
 9.17058937e-06  2.50000000e+00 
 9.18058937e-06  2.50000000e+00 
 9.19058937e-06  2.50000000e+00 
 9.20058937e-06  2.50000000e+00 
 9.21058937e-06  2.50000000e+00 
 9.22058937e-06  2.50000000e+00 
 9.23058937e-06  2.50000000e+00 
 9.24058937e-06  2.50000000e+00 
 9.25058937e-06  2.50000000e+00 
 9.26058937e-06  2.50000000e+00 
 9.27058937e-06  2.50000000e+00 
 9.28058937e-06  2.50000000e+00 
 9.29058937e-06  2.50000000e+00 
 9.30058937e-06  2.50000000e+00 
 9.31058937e-06  2.50000000e+00 
 9.32058937e-06  2.50000000e+00 
 9.33058937e-06  2.50000000e+00 
 9.34058937e-06  2.50000000e+00 
 9.35058937e-06  2.50000000e+00 
 9.36058937e-06  2.50000000e+00 
 9.37058937e-06  2.50000000e+00 
 9.38058937e-06  2.50000000e+00 
 9.39058937e-06  2.50000000e+00 
 9.40058937e-06  2.50000000e+00 
 9.41058937e-06  2.50000000e+00 
 9.42058937e-06  2.50000000e+00 
 9.43058937e-06  2.50000000e+00 
 9.44058937e-06  2.50000000e+00 
 9.45058937e-06  2.50000000e+00 
 9.46058937e-06  2.50000000e+00 
 9.47058937e-06  2.50000000e+00 
 9.48058937e-06  2.50000000e+00 
 9.49058937e-06  2.50000000e+00 
 9.50058937e-06  2.50000000e+00 
 9.51058937e-06  2.50000000e+00 
 9.52058937e-06  2.50000000e+00 
 9.53058937e-06  2.50000000e+00 
 9.54058937e-06  2.50000000e+00 
 9.55058937e-06  2.50000000e+00 
 9.56058937e-06  2.50000000e+00 
 9.57058937e-06  2.50000000e+00 
 9.58058937e-06  2.50000000e+00 
 9.59058937e-06  2.50000000e+00 
 9.60058937e-06  2.50000000e+00 
 9.61058937e-06  2.50000000e+00 
 9.62058937e-06  2.50000000e+00 
 9.63058937e-06  2.50000000e+00 
 9.64058937e-06  2.50000000e+00 
 9.65058937e-06  2.50000000e+00 
 9.66058937e-06  2.50000000e+00 
 9.67058937e-06  2.50000000e+00 
 9.68058937e-06  2.50000000e+00 
 9.69058937e-06  2.50000000e+00 
 9.70058937e-06  2.50000000e+00 
 9.71058937e-06  2.50000000e+00 
 9.72058937e-06  2.50000000e+00 
 9.73058937e-06  2.50000000e+00 
 9.74058937e-06  2.50000000e+00 
 9.75058937e-06  2.50000000e+00 
 9.76058937e-06  2.50000000e+00 
 9.77058937e-06  2.50000000e+00 
 9.78058937e-06  2.50000000e+00 
 9.79058937e-06  2.50000000e+00 
 9.80058937e-06  2.50000000e+00 
 9.81058937e-06  2.50000000e+00 
 9.82058937e-06  2.50000000e+00 
 9.83058937e-06  2.50000000e+00 
 9.84058937e-06  2.50000000e+00 
 9.85058937e-06  2.50000000e+00 
 9.86058937e-06  2.50000000e+00 
 9.87058937e-06  2.50000000e+00 
 9.88058937e-06  2.50000000e+00 
 9.89058937e-06  2.50000000e+00 
 9.90058937e-06  2.50000000e+00 
 9.91058937e-06  2.50000000e+00 
 9.92058937e-06  2.50000000e+00 
 9.93058937e-06  2.50000000e+00 
 9.94058937e-06  2.50000000e+00 
 9.95058937e-06  2.50000000e+00 
 9.96058937e-06  2.50000000e+00 
 9.97058937e-06  2.50000000e+00 
 9.98058937e-06  2.50000000e+00 
 9.99058937e-06  2.50000000e+00 
 1.00000000e-05  2.50000000e+00 
